IEU-MET-FAST-020-9: FR0 experiment 1H-D (case 9 detailed model)
basic
  neutron delayedn CM URRPT
criticality
  npart=15000 nbatch=4400 sdt=0.0001 nfirst=100 norm=1. nsource=20
  -9.14  9.14 31.5 -4.57  9.14 31.5 4.57  9.14 31.5  9.14  9.14 31.5
  -9.14  4.57 31.5 -4.57  4.57 31.5 4.57  4.57 31.5  9.14  4.57 31.5
  -9.14  0    31.5 -4.57  0    31.5 4.57  0    31.5  9.14  0    31.5
  -9.14 -4.57 31.5 -4.57 -4.57 31.5 4.57 -4.57 31.5  9.14 -4.57 31.5
  -9.14 -9.14 31.5 -4.57 -9.14 31.5 4.57 -9.14 31.5  9.14 -9.14 31.5
mix nlib=ENDFB8R0 ptlib=PT.ENDFB8R0.ACE sablib=T.ENDFB8R0                          $
  mat=1 bunches u234 9.6162-5 u235 9.5991-3 u238 3.7699-2  c 4.9180-5  f 9.8362-5  $ Fuel and teflon
  mat=2 bunches   cu 8.4174-2   ag 7.9500-5  o16 1.3400-4                          $ Copper blocks
  mat=3 bunches   cu 8.3392-2   ag 7.8760-5  o16 1.3275-4                          $ Copper plates
  mat=4 bunches   fe 5.8578-2   cr 1.5951-2   ni 7.4582-3 mn 8.3870-4 si 8.2029-4  $ SST frames & inner part end blocks
  mat=5 bunches   fe 4.7610-2   cr 1.2964-2   ni 6.0618-3 mn 6.8166-4 si 6.6670-4  $ SST outer part end blocks
  mat=6 bunches   fe 8.4109-2                                                      $ Steel (iron)
assign-mc 1 pink 2 orange 3 yellow 4 lime 5 sky 6 gray                             $
geometry
  use unit 1 FuArry -20
  sector   6 VrtSt   20 -21
  sector   6 Table   20  21 -22 -23
  boundary vacuum    23
define unit 1 $ 21x21 array of fuel plates and reflectors
   {x 101 22 [-47.985 47.985]
    y 131 22 [-47.985 47.985]
    z 161    -999.99 999.99
    fill
   -    -    -   104  104  104  104  104  104  104   -   104  104  104  104  104  104  104   -    -    -
   -    -   104  104  104  104  104  104  104  104   -   104  104  104  104  104  104  104  104   -    -
   -   104  104  104  104  104  104  104  104  104   -   104  104  104  104  104  104  104  104  104   -
  104  104  104  104  104  104  104  104  104  104   -   104  104  104  104  104  104  104  104  104  104
  104  104  104  104  104  104  104  104  104  104   -   104  104  104  104  104  104  104  104  104  104
  104  104  104  104  104  104  104  104  104  104   -   104  104  104  104  104  104  104  104  104  104
  104  104  104  104  104  104  122  122  122  122   -   122  122  122  238  104  104  104  104  104  104
  104  104  104  104  104  104  110  110  110  110   -   110  110  110  207  104  104  104  104  104  104
  104  104  104  104  104  104  108  108  108  108   -   108  108  108  205  104  104  104  104  104  104
  104  104  104  104  104  104  107  107  107  107   -   107  107  107  204  104  104  104  104  104  104
  104  104  104  104  104  104  106  106  106  106   -   106  106  106  203  104  104  104  104  104  104
  104  104  104  104  104  104  107  107  107  107   -   107  107  107  204  104  104  104  104  104  104
  104  104  104  104  104  104  108  108  108  108   -   108  108  108  205  104  104  104  104  104  104
  104  104  104  104  104  104  109  109  109  109   -   109  109  109  206  104  104  104  104  104  104
  104  104  104  104  104  104  121  121  121  121   -   121  121  121  237  104  104  104  104  104  104
  104  104  104  104  104  104  104  104  104  104   -   104  104  104  104  104  104  104  104  104  104
  104  104  104  104  104  104  104  104  104  104   -   104  104  104  104  104  104  104  104  104  104
  104  104  104  104  104  104  104  104  104  104   -   104  104  104  104  104  104  104  104  104  104
   -   104  104  104  104  104  104  104  104  104   -   104  104  104  104  104  104  104  104  104   -
   -    -   104  104  104  104  104  104  104  104   -   104  104  104  104  104  104  104  104   -    -
   -    -    -   104  104  104  104  104  104  104   -   104  104  104  104  104  104  104   -    -    - }

define unit 104 $ axial copper unit - 110.306 103.212 - 115.7 cm
 sector 2 CuBlk -10400
 sector 0 Void   10400 -10401
 sector 4 Frame  10400  10401 -10402
 sector 0 Void   10400  10401  10402 -10403
 sector 5 EndBlk 10400  10401  10402  10403 -10404
 sector 6 FeRail 10400  10401  10402  10403  10404 -10405

define unit 106 $ fuel element a mid
 sector 1 Fuel  -10600
 sector 2 CuBlk  10600 -10601
 sector 0 Void   10600  10601 -10602
 sector 4 Frame  10600  10601  10602 -10603
 sector 0 Void   10600  10601  10602  10603 -10604
 sector 5 EndBlk 10600  10601  10602  10603  10604 -10605
 sector 6 FeRail 10600  10601  10602  10603  10604  10605 -10606

define unit 107 $ fuel element b mid
 sector 1 Fuel  -10700
 sector 2 CuBlk  10700 -10701
 sector 0 Void   10700  10701 -10702
 sector 4 Frame  10700  10701  10702 -10703
 sector 0 Void   10700  10701  10702  10703 -10704
 sector 5 EndBlk 10700  10701  10702  10703  10704 -10705
 sector 6 FeRail 10700  10701  10702  10703  10704  10705 -10706

define unit 108 $ fuel element c mid
 sector 1 Fuel  -10800
 sector 2 CuBlk  10800 -10801
 sector 0 Void   10800  10801 -10802
 sector 4 Frame  10800  10801  10802 -10803
 sector 0 Void   10800  10801  10802  10803 -10804
 sector 5 EndBlk 10800  10801  10802  10803  10804 -10805
 sector 6 FeRail 10800  10801  10802  10803  10804  10805 -10806

define unit 109 $ fuel element d mid down
 sector 1 Fuel  -10900
 sector 3 CuPlt  10900 -10901
 sector 1 Fuel   10900  10901 -10902
 sector 3 CuPlt  10900  10901  10902 -10903
 sector 1 Fuel   10900  10901  10902  10903 -10904
 sector 3 CuPlt  10900  10901  10902  10903  10904 -10905
 sector 1 Fuel   10900  10901  10902  10903  10904  10905 -10906
 sector 2 CuBlk  10900  10901  10902  10903  10904  10905  10906 -10907
 sector 0 Void   10900  10901  10902  10903  10904  10905  10906  10907 -10908
 sector 4 Frame  10900  10901  10902  10903  10904  10905  10906  10907  10908 -10909
 sector 0 Void   10900  10901  10902  10903  10904  10905  10906  10907  10908  10909 -10910
 sector 5 EndBlk 10900  10901  10902  10903  10904  10905  10906  10907  10908  10909  10910 -10911
 sector 6 FeRail 10900  10901  10902  10903  10904  10905  10906  10907  10908  10909  10910  10911 -10912

define unit 110 $ fuel element d mid up
 sector 1 Fuel  -11000
 sector 3 CuPlt  11000 -11001
 sector 1 Fuel   11000  11001 -11002
 sector 3 CuPlt  11000  11001  11002 -11003
 sector 1 Fuel   11000  11001  11002  11003 -11004
 sector 3 CuPlt  11000  11001  11002  11003  11004 -11005
 sector 1 Fuel   11000  11001  11002  11003  11004  11005 -11006
 sector 2 CuBlk  11000  11001  11002  11003  11004  11005  11006 -11007
 sector 0 Void   11000  11001  11002  11003  11004  11005  11006  11007 -11008
 sector 4 Frame  11000  11001  11002  11003  11004  11005  11006  11007  11008 -11009
 sector 0 Void   11000  11001  11002  11003  11004  11005  11006  11007  11008  11009 -11010
 sector 5 EndBlk 11000  11001  11002  11003  11004  11005  11006  11007  11008  11009  11010 -11011
 sector 6 FeRail 11000  11001  11002  11003  11004  11005  11006  11007  11008  11009  11010  11011 -11012

define unit 116 $ fuel element a left
 sector 1 Fuel  -11600
 sector 3 CuPlt  11600 -11601
 sector 2 CuBlk  11600  11601 -11602
 sector 0 Void   11600  11601  11602 -11603
 sector 4 Frame  11600  11601  11602  11603 -11604
 sector 0 Void   11600  11601  11602  11603  11604 -11605
 sector 5 EndBlk 11600  11601  11602  11603  11604  11605 -11606
 sector 6 FeRail 11600  11601  11602  11603  11604  11605  11606 -11607

define unit 117 $ fuel element b left
 sector 1 Fuel  -11700  
 sector 3 CuPlt  11700 -11701
 sector 2 CuBlk  11700  11701 -11702
 sector 0 Void   11700  11701  11702 -11703
 sector 4 Frame  11700  11701  11702  11703 -11704
 sector 0 Void   11700  11701  11702  11703  11704 -11705
 sector 5 EndBlk 11700  11701  11702  11703  11704  11705 -11706
 sector 6 FeRail 11700  11701  11702  11703  11704  11705  11706 -11707

define unit 118 $ fuel element c left
 sector 1 Fuel  -11800
 sector 3 CuPlt  11800 -11801
 sector 2 CuBlk  11800  11801 -11802
 sector 0 Void   11800  11801  11802 -11803
 sector 4 Frame  11800  11801  11802  11803 -11804
 sector 0 Void   11800  11801  11802  11803  11804 -11805
 sector 5 EndBlk 11800  11801  11802  11803  11804  11805 -11806
 sector 6 FeRail 11800  11801  11802  11803  11804  11805  11806 -11807

define unit 119 $ fuel element D left down
 sector 1 Fuel  -11900
 sector 3 CuPlt  11900 -11901
 sector 1 Fuel   11900  11901 -11902
 sector 3 CuPlt  11900  11901  11902 -11903
 sector 1 Fuel   11900  11901  11902  11903 -11904
 sector 3 CuPlt  11900  11901  11902  11903  11904 -11905
 sector 1 Fuel   11900  11901  11902  11903  11904  11905 -11906  
 sector 3 CuPlt  11900  11901  11902  11903  11904  11905  11906 -11907
 sector 2 CuBlk  11900  11901  11902  11903  11904  11905  11906  11907 -11908
 sector 0 Void   11900  11901  11902  11903  11904  11905  11906  11907  11908 -11909
 sector 4 Frame  11900  11901  11902  11903  11904  11905  11906  11907  11908  11909 -11910
 sector 0 Void   11900  11901  11902  11903  11904  11905  11906  11907  11908  11909  11910 -11911
 sector 5 EndBlk 11900  11901  11902  11903  11904  11905  11906  11907  11908  11909  11910  11911 -11912
 sector 6 FeRail 11900  11901  11902  11903  11904  11905  11906  11907  11908  11909  11910  11911  11912 -11913

define unit 120 $ fuel element D left up
 sector 1 Fuel  -12000
 sector 3 CuPlt  12000 -12001
 sector 1 Fuel   12000  12001 -12002
 sector 3 CuPlt  12000  12001  12002 -12003
 sector 1 Fuel   12000  12001  12002  12003 -12004
 sector 3 CuPlt  12000  12001  12002  12003  12004 -12005
 sector 1 Fuel   12000  12001  12002  12003  12004  12005 -12006  
 sector 3 CuPlt  12000  12001  12002  12003  12004  12005  12006 -12007 
 sector 2 CuBlk  12000  12001  12002  12003  12004  12005  12006  12007 -12008
 sector 0 Void   12000  12001  12002  12003  12004  12005  12006  12007  12008 -12009
 sector 4 Frame  12000  12001  12002  12003  12004  12005  12006  12007  12008  12009 -12010
 sector 0 Void   12000  12001  12002  12003  12004  12005  12006  12007  12008  12009  12010 -12011
 sector 5 EndBlk 12000  12001  12002  12003  12004  12005  12006  12007  12008  12009  12010  12011 -12012
 sector 6 FeRail 12000  12001  12002  12003  12004  12005  12006  12007  12008  12009  12010  12011  12012 -12013

define unit 121 $ fuel element h mid down
 sector 1 Fuel  -12100
 sector 3 CuPlt  12100 -12101
 sector 2 CuBlk  12100  12101 -12102
 sector 0 Void   12100  12101  12102 -12103
 sector 4 Frame  12100  12101  12102  12103 -12104
 sector 0 Void   12100  12101  12102  12103  12104 -12105
 sector 5 EndBlk 12100  12101  12102  12103  12104  12105 -12106
 sector 6 FeRail 12100  12101  12102  12103  12104  12105  12106 -12107

define unit 122 $ fuel element h mid up
 sector 1 Fuel  -12200
 sector 3 CuPlt  12200 -12201
 sector 2 CuBlk  12200  12201 -12202
 sector 0 Void   12200  12201  12202 -12203
 sector 4 Frame  12200  12201  12202  12203 -12204
 sector 0 Void   12200  12201  12202  12203  12204 -12205
 sector 5 EndBlk 12200  12201  12202  12203  12204  12205 -12206
 sector 6 FeRail 12200  12201  12202  12203  12204  12205  12206 -12207

define unit 125 $ fuel element a right
 sector 1 Fuel  -12500
 sector 3 CuPlt  12500 -12501
 sector 2 CuBlk  12500  12501 -12502
 sector 0 Void   12500  12501  12502 -12503
 sector 4 Frame  12500  12501  12502  12503 -12504
 sector 0 Void   12500  12501  12502  12503  12504 -12505
 sector 5 EndBlk 12500  12501  12502  12503  12504  12505 -12506
 sector 6 FeRail 12500  12501  12502  12503  12504  12505  12506 -12507

define unit 126 $ fuel element b right
 sector 1 Fuel  -12600
 sector 3 CuPlt  12600 -12601
 sector 2 CuBlk  12600  12601 -12602
 sector 0 Void   12600  12601  12602 -12603
 sector 4 Frame  12600  12601  12602  12603 -12604
 sector 0 Void   12600  12601  12602  12603  12604 -12605
 sector 5 EndBlk 12600  12601  12602  12603  12604  12605 -12606
 sector 6 FeRail 12600  12601  12602  12603  12604  12605  12606 -12607

define unit 127 $ fuel element C right
 sector 1 Fuel  -12700
 sector 3 CuPlt  12700 -12701
 sector 2 CuBlk  12700  12701 -12702
 sector 0 Void   12700  12701  12702 -12703
 sector 4 Frame  12700  12701  12702  12703 -12704
 sector 0 Void   12700  12701  12702  12703  12704 -12705
 sector 5 EndBlk 12700  12701  12702  12703  12704  12705 -12706
 sector 6 FeRail 12700  12701  12702  12703  12704  12705  12706 -12707

define unit 128 $ fuel element D right up
 sector 1 Fuel  -12800
 sector 3 CuPlt  12800 -12801 
 sector 1 Fuel   12800  12801 -12802
 sector 3 CuPlt  12800  12801  12802 -12803
 sector 1 Fuel   12800  12801  12802  12803 -12804
 sector 3 CuPlt  12800  12801  12802  12803  12804 -12805
 sector 1 Fuel   12800  12801  12802  12803  12804  12805 -12806
 sector 3 CuPlt  12800  12801  12802  12803  12804  12805  12806 -12807
 sector 2 CuBlk  12800  12801  12802  12803  12804  12805  12806  12807 -12808
 sector 0 Void   12800  12801  12802  12803  12804  12805  12806  12807  12808 -12809
 sector 4 Frame  12800  12801  12802  12803  12804  12805  12806  12807  12808  12809 -12810
 sector 0 Void   12800  12801  12802  12803  12804  12805  12806  12807  12808  12809  12810 -12811
 sector 5 EndBlk 12800  12801  12802  12803  12804  12805  12806  12807  12808  12809  12810  12811 -12812
 sector 6 FeRail 12800  12801  12802  12803  12804  12805  12806  12807  12808  12809  12810  12811  12812 -12813  

define unit 141 $ fuel element h mid down
 sector 1 Fuel  -14100
 sector 3 CuPlt  14100 -14101
 sector 2 CuBlk  14100  14101 -14102
 sector 0 Void   14100  14101  14102 -14103
 sector 4 Frame  14100  14101  14102  14103 -14104
 sector 0 Void   14100  14101  14102  14103  14104 -14105
 sector 5 EndBlk 14100  14101  14102  14103  14104  14105  -14106
 sector 6 FeRail 14100  14101  14102  14103  14104  14105   14106 -14107

define unit 144 $ fuel element h mid up
 sector 1 Fuel  -14400
 sector 3 CuPlt  14400 -14401
 sector 2 CuBlk  14400  14401 -14402
 sector 0 Void   14400  14401  14402 -14403
 sector 4 Frame  14400  14401  14402  14403 -14404
 sector 0 Void   14400  14401  14402  14403  14404 -14405
 sector 5 EndBlk 14400  14401  14402  14403  14404  14405 -14406
 sector 6 FeRail 14400  14401  14402  14403  14404  14405  14406 -14407

define unit 203 $ fuel element a right
 sector 3 CuPlt -20300
 sector 1 Fuel   20300 -20301
 sector 2 CuBlk  20300  20301 -20302
 sector 0 Void   20300  20301  20302 -20303
 sector 4 Frame  20300  20301  20302  20303 -20304
 sector 0 Void   20300  20301  20302  20303  20304 -20305
 sector 5 EndBlk 20300  20301  20302  20303  20304  20305 -20306
 sector 6 FeRail 20300  20301  20302  20303  20304  20305  20306 -20307

define unit 204 $ fuel element b right
 sector 3 CuPlt -20400
 sector 1 Fuel   20400 -20401
 sector 2 CuBlk  20400  20401 -20402
 sector 0 Void   20400  20401  20402 -20403
 sector 4 Frame  20400  20401  20402  20403 -20404
 sector 0 Void   20400  20401  20402  20403  20404 -20405
 sector 5 EndBlk 20400  20401  20402  20403  20404  20405 -20406
 sector 6 FeRail 20400  20401  20402  20403  20404  20405  20406 -20407

define unit 205 $ fuel element c right
 sector 3 CuPlt -20500
 sector 1 Fuel   20500 -20501
 sector 2 CuBlk  20500  20501 -20502
 sector 0 Void   20500  20501  20502 -20503
 sector 4 Frame  20500  20501  20502  20503 -20504
 sector 0 Void   20500  20501  20502  20503  20504 -20505
 sector 5 EndBlk 20500  20501  20502  20503  20504  20505 -20506
 sector 6 FeRail 20500  20501  20502  20503  20504  20505  20506 -20507

define unit 206 $ fuel element d right down
 sector 1 Fuel  -20600
 sector 3 CuPlt  20600 -20601 
 sector 1 Fuel   20600  20601 -20602
 sector 3 CuPlt  20600  20601  20602 -20603
 sector 1 Fuel   20600  20601  20602  20603 -20604
 sector 3 CuPlt  20600  20601  20602  20603  20604 -20605
 sector 1 Fuel   20600  20601  20602  20603  20604  20605 -20606
 sector 2 CuBlk  20600  20601  20602  20603  20604  20605  20606 -20607 
 sector 0 Void   20600  20601  20602  20603  20604  20605  20606  20607 -20608
 sector 4 Frame  20600  20601  20602  20603  20604  20605  20606  20607  20608 -20609
 sector 0 Void   20600  20601  20602  20603  20604  20605  20606  20607  20608  20609 -20610
 sector 5 EndBlk 20600  20601  20602  20603  20604  20605  20606  20607  20608  20609  20610 -20611
 sector 6 FeRail 20600  20601  20602  20603  20604  20605  20606  20607  20608  20609  20610  20611 -20612

define unit 207 $ fuel element d right up
 sector 1 Fuel  -20700
 sector 3 CuPlt  20700 -20701 
 sector 1 Fuel   20700  20701 -20702
 sector 3 CuPlt  20700  20701  20702 -20703
 sector 1 Fuel   20700  20701  20702  20703 -20704
 sector 3 CuPlt  20700  20701  20702  20703  20704 -20705
 sector 1 Fuel   20700  20701  20702  20703  20704  20705 -20706
 sector 3 CuPlt  20700  20701  20702  20703  20704  20705  20706 -20707 
 sector 2 CuBlk  20700  20701  20702  20703  20704  20705  20706  20707 -20708 
 sector 0 Void   20700  20701  20702  20703  20704  20705  20706  20707  20708 -20709
 sector 4 Frame  20700  20701  20702  20703  20704  20705  20706  20707  20708  20709 -20710
 sector 0 Void   20700  20701  20702  20703  20704  20705  20706  20707  20708  20709  20710 -20711
 sector 5 EndBlk 20700  20701  20702  20703  20704  20705  20706  20707  20708  20709  20710  20711 -20712
 sector 6 FeRail 20700  20701  20702  20703  20704  20705  20706  20707  20708  20709  20710  20711  20712 -20713

define unit 237 $ fuel element h right down
 sector 1 Fuel  -23700
 sector 3 CuPlt  23700 -23701
 sector 2 CuBlk  23700  23701 -23702
 sector 0 Void   23700  23701  23702 -23703
 sector 4 Frame  23700  23701  23702  23703 -23704
 sector 0 Void   23700  23701  23702  23703  23704 -23705
 sector 5 EndBlk 23700  23701  23702  23703  23704  23705 -23706
 sector 6 FeRail 23700  23701  23702  23703  23704  23705  23706 -23707

define unit 238 $ fuel element h right up
 sector 1 Fuel  -23800
 sector 3 CuPlt  23800 -23801
 sector 2 CuBlk  23800  23801 -23802
 sector 0 Void   23800  23801  23802 -23803
 sector 4 Frame  23800  23801  23802  23803 -23804
 sector 0 Void   23800  23801  23802  23803  23804 -23805
 sector 5 EndBlk 23800  23801  23802  23803  23804  23805 -23806
 sector 6 FeRail 23800  23801  23802  23803  23804  23805  23806 -23807

picture cs material color res=1500   -77  77 47.5  -77 -77  47.5   77 -77  47.5 title="plane view at 47.5"
picture cs material color res=1500   -77  77  46   -77 -77   46    77 -77   46  title="plane view at 46"
picture cs material color res=1500   -77  77  45   -77 -77   45    77 -77   45  title="plane view at 45"
picture cs material color res=1500   -77  77  43   -77 -77   43    77 -77   43  title="plane view at 43"
picture cs material color res=1500   -77  77  41   -77 -77   41    77 -77   41  title="plane view at 41"
picture cs material color res=1500   -77  77  39   -77 -77   39    77 -77   39  title="plane view at 39"
picture cs material color res=1500   -77  77  36   -77 -77   36    77 -77   36  title="plane view at 36"
picture cs material color res=1500   -77  77  32   -77 -77   32    77 -77   32  title="plane view at 32"
picture cs material color res=1500   -25  25  32   -25 -25   32    25 -25   32  title="plane detail of core at 32"
picture cs material color res=1500   -77   0  98   -77   0  -48    77   0  -48  title="axial x/z view at y=0"
picture cs material color res=1500   -77 16.2 98   -77 16.2 -48    77 16.2 -48  title="axial x/z view at y=16.2"
picture cs material color res=1500     0 -77  98     0 -77  -48     0  77  -48  title="axial y/z view at x=0"
picture cs material color res=1500   4.6 -77  98   4.6 -77  -48   4.6  77  -48  title="axial y/z view at x=4.6"
picture cs material color res=1500 15.15 -77  98 15.15 -77  -48 15.15  77  -48  title="axial y/z view at x=15.15"
picture cs material color res=1500  18.4 -77  98  18.4 -77  -48  18.4  77  -48  title="axial y/z view at x=18.4"
picture cs material color res=1500  19.9 -77  98  19.9 -77  -48  19.9  77  -48  title="axial y/z view at x=19.9"
picture cs material color res=1500  20.1 -77  98  20.1 -77  -48  20.1  77  -48  title="axial y/z view at x=20.1"
picture cs material color res=1500  20.4 -77  98  20.4 -77  -48  20.4  77  -48  title="axial y/z view at x=20.4"

surfaces 

  20  rpp -63.4 63.4 -61   59.4 -30.05 96.25 $ Vertical structure, inner
  21  rpp -65   65   -61   61   -30.05 96.25 $ Vertical structure, outer
  22  p z -30.05                             $ Table top
  23  rpp -75   75   -71   71   -46.05 96.25 $ BCD

$ unit 104: axial copper unit - 110.306 103.212 - 115.7 cm
  10400 rpp  0.1    4.4    0.1    4.4   -40.85     70.957 tr -2.25 -2.25 16.45
  10401 rpp  0.08   4.42   0.08   4.42  -42.4      73.3   tr -2.25 -2.25 16.45
  10402 rpp  0      4.5    0      4.5   -44.7      75.3   tr -2.25 -2.25 16.45
  10403 rpp -0.035  4.535 -0.035  4.535 -44.7      75.3   tr -2.25 -2.25 16.45
  10404 rpp -0.035  4.535 -0.035  4.535 -46.5      77.0   tr -2.25 -2.25 16.45
  10405 rpp -0.035  4.535 -0.035  4.535 -46.5      79.8   tr -2.25 -2.25 16.45

$ unit 106: fuel element a mid
  10600 rpp  0.1    4.4    0.1    4.4     -1.43333 31.541 tr -2.25 -2.25 16.45
  10601 rpp  0.1    4.4    0.1    4.4    -40.85    70.957 tr -2.25 -2.25 16.45
  10602 rpp  0.08   4.42   0.08   4.42   -42.4     73.3   tr -2.25 -2.25 16.45
  10603 rpp  0      4.5    0      4.5    -44.7     75.3   tr -2.25 -2.25 16.45
  10604 rpp -0.035  4.535 -0.035  4.535  -44.7     75.3   tr -2.25 -2.25 16.45
  10605 rpp -0.035  4.535 -0.035  4.535  -46.5     77.0   tr -2.25 -2.25 16.45
  10606 rpp -0.035  4.535 -0.035  4.535  -46.5     79.8   tr -2.25 -2.25 16.45

$ unit 107: fuel element b mid
  10700 rpp  0.1    4.4    0.1    4.4    -0.71667  30.824 tr -2.25 -2.25 16.45
  10701 rpp  0.1    4.4    0.1    4.4   -40.85     70.957 tr -2.25 -2.25 16.45
  10702 rpp  0.08   4.42   0.08   4.42  -42.4      73.3   tr -2.25 -2.25 16.45
  10703 rpp  0      4.5    0      4.5   -44.7      75.3   tr -2.25 -2.25 16.45
  10704 rpp -0.035  4.535 -0.035  4.535 -44.7      75.3   tr -2.25 -2.25 16.45
  10705 rpp -0.035  4.535 -0.035  4.535 -46.5      77.0   tr -2.25 -2.25 16.45
  10706 rpp -0.035  4.535 -0.035  4.535 -46.5      79.8   tr -2.25 -2.25 16.45

$ unit 108: fuel element c mid
  10800 rpp  0.1    4.4    0.1    4.4      0.71667 29.390 tr -2.25 -2.25 16.45
  10801 rpp  0.1    4.4    0.1    4.4    -40.85    70.957 tr -2.25 -2.25 16.45
  10802 rpp  0.08   4.42   0.08   4.42   -42.4     73.3   tr -2.25 -2.25 16.45
  10803 rpp  0      4.5    0      4.5    -44.7     75.3   tr -2.25 -2.25 16.45
  10804 rpp -0.035  4.535 -0.035  4.535  -44.7     75.3   tr -2.25 -2.25 16.45
  10805 rpp -0.035  4.535 -0.035  4.535  -46.5     77.0   tr -2.25 -2.25 16.45
  10806 rpp -0.035  4.535 -0.035  4.535  -46.5     79.8   tr -2.25 -2.25 16.45

$ unit 109: fuel element d mid down
  10900 rpp  0.1    4.40   0.1    1.5333   8.60    21.503 tr -2.25 -2.25 16.45
  10901 rpp  0.1    4.40   0.1    1.5333   6.45    23.654 tr -2.25 -2.25 16.45
  10902 rpp  0.1    4.40   0.1    2.25     6.45    23.654 tr -2.25 -2.25 16.45
  10903 rpp  0.1    4.40   0.1    2.25     4.30    25.805 tr -2.25 -2.25 16.45
  10904 rpp  0.1    4.40   0.1    3.6833   4.30    25.805 tr -2.25 -2.25 16.45
  10905 rpp  0.1    4.40   0.1    3.6833   2.15    27.956 tr -2.25 -2.25 16.45
  10906 rpp  0.1    4.40   0.1    4.40     2.15    27.956 tr -2.25 -2.25 16.45
  10907 rpp  0.1    4.4    0.1    4.4    -40.85    70.957 tr -2.25 -2.25 16.45
  10908 rpp  0.08   4.42   0.08   4.42   -42.4     73.3   tr -2.25 -2.25 16.45
  10909 rpp  0      4.5    0      4.5    -44.7     75.3   tr -2.25 -2.25 16.45
  10910 rpp -0.035  4.535 -0.035  4.535  -44.7     75.3   tr -2.25 -2.25 16.45
  10911 rpp -0.035  4.535 -0.035  4.535  -46.5     77.0   tr -2.25 -2.25 16.45
  10912 rpp -0.035  4.535 -0.035  4.535  -46.5     79.8   tr -2.25 -2.25 16.45

$ unit 110: fuel element d mid up
  11000 rpp  0.1    4.4    2.9667 4.4      8.60    21.503 tr -2.25 -2.25 16.45
  11001 rpp  0.1    4.4    2.9667 4.4      6.45    23.654 tr -2.25 -2.25 16.45
  11002 rpp  0.1    4.4    2.25   4.4      6.45    23.654 tr -2.25 -2.25 16.45
  11003 rpp  0.1    4.4    2.25   4.4      4.30    25.805 tr -2.25 -2.25 16.45
  11004 rpp  0.1    4.4    0.8167 4.4      4.30    25.805 tr -2.25 -2.25 16.45
  11005 rpp  0.1    4.4    0.8167 4.4      2.15    27.956 tr -2.25 -2.25 16.45
  11006 rpp  0.1    4.4    0.10   4.4      2.15    27.956 tr -2.25 -2.25 16.45
  11007 rpp  0.1    4.4    0.1    4.4    -40.85    70.957 tr -2.25 -2.25 16.45
  11008 rpp  0.08   4.42   0.08   4.42   -42.4     73.3   tr -2.25 -2.25 16.45
  11009 rpp  0      4.5    0      4.5    -44.7     75.3   tr -2.25 -2.25 16.45
  11010 rpp -0.035  4.535 -0.035  4.535  -44.7     75.3   tr -2.25 -2.25 16.45
  11011 rpp -0.035  4.535 -0.035  4.535  -46.5     77.0   tr -2.25 -2.25 16.45
  11012 rpp -0.035  4.535 -0.035  4.535  -46.5     79.8   tr -2.25 -2.25 16.45

$ unit 116: fuel element a left
  11600 rpp  2.9667 4.4    0.1    4.4     -1.43333 31.541 tr -2.25 -2.25 16.45
  11601 rpp  0.1    4.4    0.1    4.4     -1.43333 31.541 tr -2.25 -2.25 16.45
  11602 rpp  0.1    4.4    0.1    4.4    -40.85    70.957 tr -2.25 -2.25 16.45
  11603 rpp  0.08   4.42   0.08   4.42   -42.4     73.3   tr -2.25 -2.25 16.45
  11604 rpp  0      4.5    0      4.5    -44.7     75.3   tr -2.25 -2.25 16.45
  11605 rpp -0.035  4.535 -0.035  4.535  -44.7     75.3   tr -2.25 -2.25 16.45
  11606 rpp -0.035  4.535 -0.035  4.535  -46.5     77.0   tr -2.25 -2.25 16.45
  11607 rpp -0.035  4.535 -0.035  4.535  -46.5     79.8   tr -2.25 -2.25 16.45

$ unit 117: fuel element b left
  11700 rpp  2.9667 4.4    0.1    4.4     -0.71667 30.824 tr -2.25 -2.25 16.45
  11701 rpp  0.1    4.4    0.1    4.4     -0.71667 30.824 tr -2.25 -2.25 16.45
  11702 rpp  0.1    4.4    0.1    4.4    -40.85    70.957 tr -2.25 -2.25 16.45
  11703 rpp  0.08   4.42   0.08   4.42   -42.4     73.3   tr -2.25 -2.25 16.45
  11704 rpp  0      4.5    0      4.5    -44.7     75.3   tr -2.25 -2.25 16.45
  11705 rpp -0.035  4.535 -0.035  4.535  -44.7     75.3   tr -2.25 -2.25 16.45
  11706 rpp -0.035  4.535 -0.035  4.535  -46.5     77.0   tr -2.25 -2.25 16.45
  11707 rpp -0.035  4.535 -0.035  4.535  -46.5     79.8   tr -2.25 -2.25 16.45

$ unit 118: fuel element c left
  11800 rpp  2.9667 4.4    0.1    4.4      0.71667 29.39  tr -2.25 -2.25 16.45
  11801 rpp  0.1    4.4    0.1    4.4      0.71667 29.39  tr -2.25 -2.25 16.45
  11802 rpp  0.1    4.4    0.1    4.4    -40.85    70.957 tr -2.25 -2.25 16.45
  11803 rpp  0.08   4.42   0.08   4.42   -42.4     73.3   tr -2.25 -2.25 16.45
  11804 rpp  0      4.5    0      4.5    -44.7     75.3   tr -2.25 -2.25 16.45
  11805 rpp -0.035  4.535 -0.035  4.535  -44.7     75.3   tr -2.25 -2.25 16.45
  11806 rpp -0.035  4.535 -0.035  4.535  -46.5     77.0   tr -2.25 -2.25 16.45
  11807 rpp -0.035  4.535 -0.035  4.535  -46.5     79.8   tr -2.25 -2.25 16.45

$ unit 119: fuel element D left down
  11900 rpp  2.9667 4.40   0.1    1.53     8.60    21.503 tr -2.25 -2.25 16.45
  11901 rpp  2.9667 4.40   0.1    1.53     6.45    23.654 tr -2.25 -2.25 16.45
  11902 rpp  2.9667 4.40   0.1    2.25     6.45    23.654 tr -2.25 -2.25 16.45
  11903 rpp  2.9667 4.40   0.1    2.25     4.30    25.805 tr -2.25 -2.25 16.45
  11904 rpp  2.9667 4.40   0.1    3.69     4.30    25.805 tr -2.25 -2.25 16.45
  11905 rpp  2.9667 4.40   0.1    3.69     2.15    27.956 tr -2.25 -2.25 16.45
  11906 rpp  2.9667 4.40   0.1    4.40     2.15    27.956 tr -2.25 -2.25 16.45
  11907 rpp  0.1    4.40   0.1    4.40     2.15    27.956 tr -2.25 -2.25 16.45
  11908 rpp  0.1    4.4    0.1    4.4    -40.85    70.957 tr -2.25 -2.25 16.45
  11909 rpp  0.08   4.42   0.08   4.42   -42.4     73.3   tr -2.25 -2.25 16.45
  11910 rpp  0      4.5    0      4.5    -44.7     75.3   tr -2.25 -2.25 16.45
  11911 rpp -0.035  4.535 -0.035  4.535  -44.7     75.3   tr -2.25 -2.25 16.45
  11912 rpp -0.035  4.535 -0.035  4.535  -46.5     77.0   tr -2.25 -2.25 16.45
  11913 rpp -0.035  4.535 -0.035  4.535  -46.5     79.8   tr -2.25 -2.25 16.45

$ unit 120: fuel element D left up
  12000 rpp  2.9667 4.40   2.9667 4.4      8.60    21.503 tr -2.25 -2.25 16.45
  12001 rpp  2.9667 4.40   2.9667 4.4      6.45    23.654 tr -2.25 -2.25 16.45
  12002 rpp  2.9667 4.40   2.25   4.4      6.45    23.654 tr -2.25 -2.25 16.45
  12003 rpp  2.9667 4.40   2.25   4.4      4.30    25.805 tr -2.25 -2.25 16.45
  12004 rpp  2.9667 4.40   0.8167 4.4      4.30    25.805 tr -2.25 -2.25 16.45
  12005 rpp  2.9667 4.40   0.8167 4.4      2.15    27.956 tr -2.25 -2.25 16.45
  12006 rpp  2.9667 4.40   0.1    4.4      2.15    27.956 tr -2.25 -2.25 16.45
  12007 rpp  0.1    4.40   0.1    4.4      2.15    27.956 tr -2.25 -2.25 16.45
  12008 rpp  0.1    4.4    0.1    4.4    -40.85    70.957 tr -2.25 -2.25 16.45
  12009 rpp  0.08   4.42   0.08   4.42   -42.4     73.3   tr -2.25 -2.25 16.45
  12010 rpp  0      4.5    0      4.5    -44.7     75.3   tr -2.25 -2.25 16.45
  12011 rpp -0.035  4.535 -0.035  4.535  -44.7     75.3   tr -2.25 -2.25 16.45
  12012 rpp -0.035  4.535 -0.035  4.535  -46.5     77.0   tr -2.25 -2.25 16.45
  12013 rpp -0.035  4.535 -0.035  4.535  -46.5     79.8   tr -2.25 -2.25 16.45

$ unit 121: fuel element h mid down
  12100 rpp  0.1    4.40   3.6833 4.4     10.75    19.352 tr -2.25 -2.25 16.45
  12101 rpp  0.1    4.40   0.1    4.4     10.75    19.352 tr -2.25 -2.25 16.45
  12102 rpp  0.1    4.4    0.1    4.4    -40.85    70.957 tr -2.25 -2.25 16.45
  12103 rpp  0.08   4.42   0.08   4.42   -42.4     73.3   tr -2.25 -2.25 16.45
  12104 rpp  0      4.5    0      4.5    -44.7     75.3   tr -2.25 -2.25 16.45
  12105 rpp -0.035  4.535 -0.035  4.535  -44.7     75.3   tr -2.25 -2.25 16.45
  12106 rpp -0.035  4.535 -0.035  4.535  -46.5     77.0   tr -2.25 -2.25 16.45
  12107 rpp -0.035  4.535 -0.035  4.535  -46.5     79.8   tr -2.25 -2.25 16.45

$ unit 122: fuel element h mid up
  12200 rpp  0.1    4.40   0.1    0.8167  10.749   19.351 tr -2.25 -2.25 16.45
  12201 rpp  0.1    4.40   0.1    4.4     10.749   19.351 tr -2.25 -2.25 16.45
  12202 rpp  0.1    4.4    0.1    4.4    -40.85    70.957 tr -2.25 -2.25 16.45
  12203 rpp  0.08   4.42   0.08   4.42   -42.4     73.3   tr -2.25 -2.25 16.45
  12204 rpp  0      4.5    0      4.5    -44.7     75.3   tr -2.25 -2.25 16.45
  12205 rpp -0.035  4.535 -0.035  4.535  -44.7     75.3   tr -2.25 -2.25 16.45
  12206 rpp -0.035  4.535 -0.035  4.535  -46.5     77.0   tr -2.25 -2.25 16.45
  12207 rpp -0.035  4.535 -0.035  4.535  -46.5     79.8   tr -2.25 -2.25 16.45

$ unit 125: fuel element a right
  12500 rpp  0.1    3.6833 0.1    4.4     -1.43333 31.541 tr -2.25 -2.25 16.45
  12501 rpp  0.1    4.40   0.1    4.4     -1.43333 31.541 tr -2.25 -2.25 16.45
  12502 rpp  0.1    4.4    0.1    4.4    -40.85    70.957 tr -2.25 -2.25 16.45
  12503 rpp  0.08   4.42   0.08   4.42   -42.4     73.3   tr -2.25 -2.25 16.45
  12504 rpp  0      4.5    0      4.5    -44.7     75.3   tr -2.25 -2.25 16.45
  12505 rpp -0.035  4.535 -0.035  4.535  -44.7     75.3   tr -2.25 -2.25 16.45
  12506 rpp -0.035  4.535 -0.035  4.535  -46.5     77.0   tr -2.25 -2.25 16.45
  12507 rpp -0.035  4.535 -0.035  4.535  -46.5     79.8   tr -2.25 -2.25 16.45

$ unit 126: fuel element b right
  12600 rpp  0.1    3.6833 0.1    4.40    -0.71667 30.824 tr -2.25 -2.25 16.45
  12601 rpp  0.1    4.40   0.1    4.40    -0.71667 30.824 tr -2.25 -2.25 16.45
  12602 rpp  0.1    4.4    0.1    4.4    -40.85    70.957 tr -2.25 -2.25 16.45
  12603 rpp  0.08   4.42   0.08   4.42   -42.4     73.3   tr -2.25 -2.25 16.45
  12604 rpp  0      4.5    0      4.5    -44.7     75.3   tr -2.25 -2.25 16.45
  12605 rpp -0.035  4.535 -0.035  4.535  -44.7     75.3   tr -2.25 -2.25 16.45
  12606 rpp -0.035  4.535 -0.035  4.535  -46.5     77.0   tr -2.25 -2.25 16.45
  12607 rpp -0.035  4.535 -0.035  4.535  -46.5     79.8   tr -2.25 -2.25 16.45 

$ unit 127: fuel element C right
  12700 rpp  0.1    3.6833 0.1    4.4      0.71667 29.39  tr -2.25 -2.25 16.45
  12701 rpp  0.1    4.40   0.1    4.4      0.71667 29.39  tr -2.25 -2.25 16.45
  12702 rpp  0.1    4.4    0.1    4.4    -40.85    70.957 tr -2.25 -2.25 16.45
  12703 rpp  0.08   4.42   0.08   4.42   -42.4     73.3   tr -2.25 -2.25 16.45
  12704 rpp  0      4.5    0      4.5    -44.7     75.3   tr -2.25 -2.25 16.45
  12705 rpp -0.035  4.535 -0.035  4.535  -44.7     75.3   tr -2.25 -2.25 16.45
  12706 rpp -0.035  4.535 -0.035  4.535  -46.5     77.0   tr -2.25 -2.25 16.45
  12707 rpp -0.035  4.535 -0.035  4.535  -46.5     79.8   tr -2.25 -2.25 16.45

$ unit 128: fuel element D right up
  12800 rpp  0.1    3.6833 2.9667 4.4      8.60    21.503 tr -2.25 -2.25 16.45
  12801 rpp  0.1    3.6833 2.9667 4.4      6.45    23.654 tr -2.25 -2.25 16.45
  12802 rpp  0.1    3.6833 2.25   4.4      6.45    23.654 tr -2.25 -2.25 16.45
  12803 rpp  0.1    3.6833 2.25   4.4      4.30    25.805 tr -2.25 -2.25 16.45
  12804 rpp  0.1    3.6833 0.8167 4.4      4.30    25.805 tr -2.25 -2.25 16.45
  12805 rpp  0.1    3.6833 0.8167 4.4      2.15    27.956 tr -2.25 -2.25 16.45
  12806 rpp  0.1    3.6833 0.10   4.4      2.15    27.956 tr -2.25 -2.25 16.45
  12807 rpp  0.1    4.4    0.10   4.4      2.15    27.956 tr -2.25 -2.25 16.45
  12808 rpp  0.1    4.4    0.1    4.4    -40.85    70.957 tr -2.25 -2.25 16.45
  12809 rpp  0.08   4.42   0.08   4.42   -42.4     73.3   tr -2.25 -2.25 16.45
  12810 rpp  0      4.5    0      4.5    -44.7     75.3   tr -2.25 -2.25 16.45
  12811 rpp -0.035  4.535 -0.035  4.535  -44.7     75.3   tr -2.25 -2.25 16.45
  12812 rpp -0.035  4.535 -0.035  4.535  -46.5     77.0   tr -2.25 -2.25 16.45
  12813 rpp -0.035  4.535 -0.035  4.535  -46.5     79.8   tr -2.25 -2.25 16.45

$ unit 141: fuel element h mid down
  14100 rpp  0.1    4.4    3.6833 4.4     10.75    19.352 tr -2.25 -2.25 16.45
  14101 rpp  0.1    4.4    0.10   4.4     10.75    19.352 tr -2.25 -2.25 16.45
  14102 rpp  0.1    4.4    0.1    4.4    -40.85    70.957 tr -2.25 -2.25 16.45
  14103 rpp  0.08   4.42   0.08   4.42   -42.4     73.3   tr -2.25 -2.25 16.45
  14104 rpp  0      4.5    0      4.5    -44.7     75.3   tr -2.25 -2.25 16.45
  14105 rpp -0.035  4.535 -0.035  4.535  -44.7     75.3   tr -2.25 -2.25 16.45
  14106 rpp -0.035  4.535 -0.035  4.535  -46.5     77.0   tr -2.25 -2.25 16.45
  14107 rpp -0.035  4.535 -0.035  4.535  -46.5     79.8   tr -2.25 -2.25 16.45

$ unit 144: fuel element h mid up
  14400 rpp  0.1    4.4    0.1    0.81    10.75    19.352 tr -2.25 -2.25 16.45
  14401 rpp  0.1    4.4    0.10   4.4     10.75    19.352 tr -2.25 -2.25 16.45
  14402 rpp  0.1    4.4    0.1    4.4    -40.85    70.957 tr -2.25 -2.25 16.45
  14403 rpp  0.08   4.42   0.08   4.42   -42.4     73.3   tr -2.25 -2.25 16.45
  14404 rpp  0      4.5    0      4.5    -44.7     75.3   tr -2.25 -2.25 16.45
  14405 rpp -0.035  4.535 -0.035  4.535  -44.7     75.3   tr -2.25 -2.25 16.45
  14406 rpp -0.035  4.535 -0.035  4.535  -46.5     77.0   tr -2.25 -2.25 16.45
  14407 rpp -0.035  4.535 -0.035  4.535  -46.5     79.8   tr -2.25 -2.25 16.45

$ unit 203: fuel element a right
  20300 rpp  4.0417 4.4    0.1    4.4     -1.43333 30.824 tr -2.25 -2.25 16.45
  20301 rpp  0.1    4.4    0.1    4.4     -1.43333 31.541 tr -2.25 -2.25 16.45
  20302 rpp  0.1    4.4    0.1    4.4    -40.85    70.957 tr -2.25 -2.25 16.45
  20303 rpp  0.08   4.42   0.08   4.42   -42.4     73.3   tr -2.25 -2.25 16.45
  20304 rpp  0      4.5    0      4.5    -44.7     75.3   tr -2.25 -2.25 16.45
  20305 rpp -0.035  4.535 -0.035  4.535  -44.7     75.3   tr -2.25 -2.25 16.45
  20306 rpp -0.035  4.535 -0.035  4.535  -46.5     77.0   tr -2.25 -2.25 16.45
  20307 rpp -0.035  4.535 -0.035  4.535  -46.5     79.8   tr -2.25 -2.25 16.45

$ unit 204: fuel element b right
  20400 rpp  4.0417 4.4    0.1    4.4     -0.71667 29.39  tr -2.25 -2.25 16.45
  20401 rpp  0.1    4.4    0.1    4.4     -0.71667 30.824 tr -2.25 -2.25 16.45
  20402 rpp  0.1    4.4    0.1    4.4    -40.85    70.957 tr -2.25 -2.25 16.45
  20403 rpp  0.08   4.42   0.08   4.42   -42.4     73.3   tr -2.25 -2.25 16.45
  20404 rpp  0      4.5    0      4.5    -44.7     75.3   tr -2.25 -2.25 16.45
  20405 rpp -0.035  4.535 -0.035  4.535  -44.7     75.3   tr -2.25 -2.25 16.45
  20406 rpp -0.035  4.535 -0.035  4.535  -46.5     77.0   tr -2.25 -2.25 16.45
  20407 rpp -0.035  4.535 -0.035  4.535  -46.5     79.8   tr -2.25 -2.25 16.45

$ unit 205: fuel element c right
  20500 rpp  4.0417 4.4    0.1    4.4      0.71667 28.673 tr -2.25 -2.25 16.45
  20501 rpp  0.1    4.4    0.1    4.4      0.71667 29.39  tr -2.25 -2.25 16.45
  20502 rpp  0.1    4.4    0.1    4.4    -40.85    70.957 tr -2.25 -2.25 16.45
  20503 rpp  0.08   4.42   0.08   4.42   -42.4     73.3   tr -2.25 -2.25 16.45
  20504 rpp  0      4.5    0      4.5    -44.7     75.3   tr -2.25 -2.25 16.45
  20505 rpp -0.035  4.535 -0.035  4.535  -44.7     75.3   tr -2.25 -2.25 16.45
  20506 rpp -0.035  4.535 -0.035  4.535  -46.5     77.0   tr -2.25 -2.25 16.45
  20507 rpp -0.035  4.535 -0.035  4.535  -46.5     79.8   tr -2.25 -2.25 16.45

$ unit 206: fuel element d right down
  20600 rpp  0.1    4.4    0.1    1.5333   8.60    21.503 tr -2.25 -2.25 16.45
  20601 rpp  0.1    4.4    0.1    1.5333   6.45    23.645 tr -2.25 -2.25 16.45
  20602 rpp  0.1    4.4    0.1    2.25     6.45    23.645 tr -2.25 -2.25 16.45
  20603 rpp  0.1    4.4    0.1    2.25     4.30    25.805 tr -2.25 -2.25 16.45
  20604 rpp  0.1    4.4    0.1    3.6833   4.30    25.805 tr -2.25 -2.25 16.45
  20605 rpp  0.1    4.4    0.1    3.6833   2.15    27.956 tr -2.25 -2.25 16.45
  20606 rpp  0.1    4.4    0.1    4.40     2.15    27.956 tr -2.25 -2.25 16.45
  20607 rpp  0.1    4.4    0.1    4.4    -40.85    70.957 tr -2.25 -2.25 16.45
  20608 rpp  0.08   4.42   0.08   4.42   -42.4     73.3   tr -2.25 -2.25 16.45
  20609 rpp  0      4.5    0      4.5    -44.7     75.3   tr -2.25 -2.25 16.45
  20610 rpp -0.035  4.535 -0.035  4.535  -44.7     75.3   tr -2.25 -2.25 16.45
  20611 rpp -0.035  4.535 -0.035  4.535  -46.5     77.0   tr -2.25 -2.25 16.45
  20612 rpp -0.035  4.535 -0.035  4.535  -46.5     79.8   tr -2.25 -2.25 16.45

$ unit 207: fuel element d right up
  20700 rpp  0.1    3.6833 2.9667 4.4      8.60    21.503 tr -2.25 -2.25 16.45
  20701 rpp  0.1    3.6833 2.9667 4.4      6.45    23.645 tr -2.25 -2.25 16.45
  20702 rpp  0.1    3.6833 2.25   4.4      6.45    23.645 tr -2.25 -2.25 16.45
  20703 rpp  0.1    3.6833 2.25   4.4      4.30    25.805 tr -2.25 -2.25 16.45
  20704 rpp  0.1    3.6833 0.8167 4.4      4.30    25.805 tr -2.25 -2.25 16.45
  20705 rpp  0.1    3.6833 0.8167 4.4      2.15    27.956 tr -2.25 -2.25 16.45
  20706 rpp  0.1    3.6833 0.1    4.4      2.15    27.956 tr -2.25 -2.25 16.45
  20707 rpp  0.1    4.4    0.1    4.4      2.15    27.956 tr -2.25 -2.25 16.45
  20708 rpp  0.1    4.4    0.1    4.4    -40.85    70.957 tr -2.25 -2.25 16.45
  20709 rpp  0.08   4.42   0.08   4.42   -42.4     73.3   tr -2.25 -2.25 16.45
  20710 rpp  0      4.5    0      4.5    -44.7     75.3   tr -2.25 -2.25 16.45
  20711 rpp -0.035  4.535 -0.035  4.535  -44.7     75.3   tr -2.25 -2.25 16.45
  20712 rpp -0.035  4.535 -0.035  4.535  -46.5     77.0   tr -2.25 -2.25 16.45
  20713 rpp -0.035  4.535 -0.035  4.535  -46.5     79.8   tr -2.25 -2.25 16.45

$ unit 237: fuel element h right down
  23700 rpp  0.1    4.4    3.6833 4.4     10.75    19.352 tr -2.25 -2.25 16.45
  23701 rpp  0.1    4.4    0.1    4.4     10.75    19.352 tr -2.25 -2.25 16.45
  23702 rpp  0.1    4.4    0.1    4.4    -40.85    70.957 tr -2.25 -2.25 16.45
  23703 rpp  0.08   4.42   0.08   4.42   -42.4     73.3   tr -2.25 -2.25 16.45
  23704 rpp  0      4.5    0      4.5    -44.7     75.3   tr -2.25 -2.25 16.45
  23705 rpp -0.035  4.535 -0.035  4.535  -44.7     75.3   tr -2.25 -2.25 16.45
  23706 rpp -0.035  4.535 -0.035  4.535  -46.5     77.0   tr -2.25 -2.25 16.45
  23707 rpp -0.035  4.535 -0.035  4.535  -46.5     79.8   tr -2.25 -2.25 16.45

$ unit 238: fuel element h right up
  23800 rpp  0.1    4.4    0.1    0.8167  10.75    19.352 tr -2.25 -2.25 16.45
  23801 rpp  0.1    4.4    0.1    4.4     10.75    19.352 tr -2.25 -2.25 16.45
  23802 rpp  0.1    4.4    0.1    4.4    -40.85    70.957 tr -2.25 -2.25 16.45
  23803 rpp  0.08   4.42   0.08   4.42   -42.4     73.3   tr -2.25 -2.25 16.45
  23804 rpp  0      4.5    0      4.5    -44.7     75.3   tr -2.25 -2.25 16.45
  23805 rpp -0.035  4.535 -0.035  4.535  -44.7     75.3   tr -2.25 -2.25 16.45
  23806 rpp -0.035  4.535 -0.035  4.535  -46.5     77.0   tr -2.25 -2.25 16.45
  23807 rpp -0.035  4.535 -0.035  4.535  -46.5     79.8   tr -2.25 -2.25 16.45

end
