LCT061-10: 1309 U(4.5)O2 rods, 342 holes, 1.27 cm trianglur pitch, Hc=80.88m, 0.510 g(H3BO3)/L
basic
  neutron delayedn CENTIMETERS URRPT
criticality
  npart=15000 nbatch=4400 sdt=0.0001 nfirst=100 norm=1.0 nsource=6
  -0.635  1.09985 40.44  0.635  1.09985 40.44
  -1.270  0.0     40.44  1.270  0.0     40.44
  -0.635 -1.09985 40.44  0.635 -1.09985 40.44
assign-mc
  1 red 2 lime 3 gray 4 sky 5 yellow
mix nlib=ENDFB8R0 ptlib=PT.ENDFB8R0.ACE sablib=T.ENDFB8R0
  mat=1 bunches    u234 7.9573-6  u235 1.0254-3 u238 2.1989-2 o16 4.6046-2 $ U(4.5)O2
  mat=2 bunches      zr 4.2794-2    nb 4.2456-4   hf 6.6297-6              $ Zr alloy clad, plugs and ends
  mat=3 bunches      fe 5.8609-2    cr 1.6286-2   ni 8.7546-3  mn 1.2990-3 $ Stainless
                     ti 5.9617-4    si 4.0654-4    s 1.6318-4   c 3.5648-4 $  steel
                      p 5.0687-5                                           $  cladding, ends, 
                     cu 2.2460-4     s 2.9669-5                            $  and grid plates
  mat=4 bunches (h.h2o) 6.6759-2   o16 3.3387-2  b10 9.8844-7 b11 3.9786-6 $ 0.510 g(H3BO3)/L solution
geometry
   use unit 10 All  -4  41 42 43 44 45 46 47 48 49 50 51 52 53 54 55 56 57 58 59 60 61 62 63 64 65 66 67 68 69 70
                        71 72 73 74 75 76 77 78 79 80 81 82 83 84 85 86 87 88 89 90 91 92 93 94 95 96 97 98 99 100
   sector 4 Mod  -1 -4 -41 or -1 -42 or -1 -43 or -1 -44 or -1 -45 or -1 -46 or -1 -47 or -1 -48 or -1 -49 or -1 -50
   sector 4 Mod  -1 -4 -51 or -1 -52 or -1 -53 or -1 -54 or -1 -55 or -1 -56 or -1 -57 or -1 -58 or -1 -59 or -1 -60
   sector 4 Mod  -1 -4 -61 or -1 -62 or -1 -63 or -1 -64 or -1 -65 or -1 -66 or -1 -67 or -1 -68 or -1 -69 or -1 -70
   sector 4 Mod  -1 -4 -71 or -1 -72 or -1 -73 or -1 -74 or -1 -75 or -1 -76 or -1 -77 or -1 -78 or -1 -79 or -1 -80
   sector 4 Mod  -1 -4 -81 or -1 -82 or -1 -83 or -1 -84 or -1 -85 or -1 -86 or -1 -87 or -1 -88 or -1 -89 or -1 -90
   sector 4 Mod  -1 -4 -91 or -1 -92 or -1 -93 or -1 -94 or -1 -95 or -1 -96 or -1 -97 or -1 -98 or -1 -99 or -1 -100
   boundary vacuum   4
define unit 10 $ The entire geometry except holes within outer region of fuel rods
   use unit 5 Frods -4    -30                $ Prism with inner region of fuel rods
   use unit 6 Holes -4 30 -31                $ Prism with holes
   use unit 5 Frods -4 31 -32 -321 -322 -323 $ Prism with outer region of fuel rods
   use unit 6 Holes -4 31 -32  321           $  and holes
   use unit 6 Holes -4 31 -32  322           $  and holes
   use unit 6 Holes -4 31 -32  323           $  and holes
   use unit 6 Holes -4 32 -33                $ Prism with outermost region of holes
   use unit 1 Alles -4 33                    $ The rest of the geometry
define unit 1 $ Water and grid plates
    sector  3 SST   -2        $ SST lower grid plate
    sector  3 SST   -3        $ SST upper grid plate
    sector  4 Mod   -1 2 3 -4 $ Moderator
define unit 2 $ Fuel rod
    sector  1 UO2  -10         -15 $ UO2 fuel
    sector  2 Zr    10  11 -12 -15 $ Zr alloy plug
    sector  3 SST   12  13 -14 -15 $ SST spring
    sector  2 Zr    15 -16         $ Zr alloy clad
    sector  2 Zr    16 -17         $ Zr alloy clad lower
    sector  4 Mod   -1  -4  16  17 $ Hole, water
define unit 3 $ Unit cell of fuel rods
   use unit 2 Frod  -4 -20
   use unit 2 Frod  -4 -21 tr -0.635  1.09985 0
   use unit 2 Frod  -4 -22 tr  0.635  1.09985 0
   use unit 2 Frod  -4 -23 tr -1.270  0       0
   use unit 2 Frod  -4 -24 tr  1.270  0       0
   use unit 2 Frod  -4 -25 tr -0.635 -1.09985 0
   use unit 2 Frod  -4 -26 tr  0.635 -1.09985 0
   use unit 1 Alles -4  20 21 22 23 24 25 26
define unit 4 $ Unit cell of holes
     sector 4 Hole  -1 -20
     sector 4 Hole  -1 -21
     sector 4 Hole  -1 -22
     sector 4 Hole  -1 -23
     sector 4 Hole  -1 -24
     sector 4 Hole  -1 -25
     sector 4 Hole  -1 -26
   use unit 1 Alles -4  20 21 22 23 24 25 26
define unit 5 $ 29x25 array of fuel rods
   {x 701 30 [-36.83     36.83]
    y 731 26 [-27.49625  27.49625]
    z 761    -999.9     999.9
    fill 725*3}
define unit 6 $ 29x29 array of holes
   {x 801 30 [-36.83     36.83]
    y 831 30 [-31.89565  31.89565]
    z 861    -999.9     999.9
    fill 841*4}
picture cs material color -65  65  127  -65 -65  127  65 -65  127 title="plane view through SST upper grid plate"
picture cs material color -65  65   40  -65 -65   40  65 -65   40 title="plane view through moderator"
picture cs material color -65  65   -3  -65 -65   -3  65 -65   -3 title="plane view through SST lower grid plate"
picture cs material color -35  35  127  -35 -35  127  35 -35  127 title="plane detail through SST upper grid plate"
picture cs material color -35  35   40  -35 -35   40  35 -35   40 title="plane detail through water"
picture cs material color -35  35   -3  -35 -35   -3  35 -35   -3 title="plane detail through SST lower grid plate"
picture cs material color -65   0  135  -65   0  -35  65   0  -35 title="axial x-z view"
picture cs material color -35 17.6 135  -35 17.6 123  35 17.6 123 title="axial x-z detail of top of the rods and empties"
picture cs material color -35 17.6  35  -35 17.6 -35  35 17.6 -35 title="axial x-z detail of bottom of the rods and empties"
picture cs material color -35   0  135  -35   0  123  35   0  123 title="axial x-z detail of top of the rods and holes"
picture cs material color -35   0   35  -35   0  -35  35   0  -35 title="axial x-z detail of bottom of the rods and holes"
surfaces
$ --- Water height, grid plates and boundary condition
   1 p z 80.88                   $ Critical water height
   2 c z 50.0       -3.8   -2.3  $ SST lower grid plate
   3 c z 50.0      126.9  127.9  $ SST upper grid plate
   4 c z 65.0      -32.3  133.5  $ Boundary condition
$ --- Fuel rod
  10 c z  0.37875    0.0  125.0  $ UO2
  11 c z  0.15                   $ Zr plug, inner
  12 c z  0.385    125.0  125.7  $ Zr plug, outer
  13 c z  0.29                   $ SST spring, inner
  14 c z  0.32175  125.7  128.0  $ SST spring, outer
  15 c z  0.3875     0.0  128.0  $ Clad, inner
  16 c z  0.45225   -2.3  130.3  $ Clad, outer
  17 c z  0.3       -3.8  131.8  $ Clad, top and bottom portions
  20 rev 4 -3.9 0.31 -2.3 0.31 -2.29999 0.47 131.8 0.47 tr 0 0 0 0 0 1 0 1 0 $ Hole
$ --- Unit cell of holes on 1.27cm triangular pitch
  21 rev 4 -3.9 0.31 -2.3 0.31 -2.29999 0.47 131.8 0.47 tr -0.635  1.09985 0 -0.635  1.09985 9 -0.635 9 0
  22 rev 4 -3.8 0.31 -2.3 0.31 -2.29999 0.47 131.8 0.47 tr  0.635  1.09985 0  0.635  1.09985 9  0.635 9 0
  23 rev 4 -3.8 0.31 -2.3 0.31 -2.29999 0.47 131.8 0.47 tr -1.270  0       0 -1.270  0       9 -1.270 9 0
  24 rev 4 -3.8 0.31 -2.3 0.31 -2.29999 0.47 131.8 0.47 tr  1.270  0       0  1.270  0       9  1.270 9 0
  25 rev 4 -3.8 0.31 -2.3 0.31 -2.29999 0.47 131.8 0.47 tr -0.635 -1.09985 0 -0.635 -1.09985 9 -0.635 9 0
  26 rev 4 -3.8 0.31 -2.3 0.31 -2.29999 0.47 131.8 0.47 tr  0.635 -1.09985 0  0.635 -1.09985 9  0.635 9 0
$ --- Array boundaries
  30 prism  6  8.255 0   4.1275   7.14903  -4.1275   7.14903 $ The inner region
              -8.255 0  -4.1275  -7.14903   4.1275  -7.14903 $  with fuel rods
            -999.0 999.0 tr 0 0 0 0 0 1 1 0 0
  31 prism  6 15.875 0   7.9375  13.74813  -7.9375  13.74813 $ The inner region
             -15.875 0  -7.9375 -13.74813   7.9375 -13.74813 $  with fuel rods
            -999.0 999.0 tr 0 0 0 0 0 1 1 0 0
  32 prism  6 31.115 0  15.5575  26.9463  -15.5575  26.9463  $ The outer region
             -31.115 0 -15.5575 -26.9463   15.5575 -26.9463  $  with fuel rods
            -999.0 999.0 tr 0 0 0 0 0 1 1 0 0
 321 box 54.61 999.9 999.9
 322 box 54.61 999.9 999.9 tr 0 0 0 500  866.0254 0 -866.0254 500 0
 323 box 54.61 999.9 999.9 tr 0 0 0 500 -866.0254 0  866.0254 500 0
  33 prism  6 34.925 0  17.4625  30.24588 -17.4625  30.24588 $ The region
             -34.925 0 -17.4625 -30.24588  17.4625 -30.24588 $  with holes
            -999.0 999.0 tr 0 0 0 0 0 1 1 0 0
$ --- Empthy locations in the outer prism with fuel
  41 rev 4 -3.8 0.31 -2.3 0.31 -2.29999 0.47 131.8 0.47 tr  -8.89   26.39640 0  -8.89   26.39640 9  -8.89  9 0
  42 rev 4 -3.8 0.31 -2.3 0.31 -2.29999 0.47 131.8 0.47 tr  -7.62   26.39640 0  -7.62   26.39640 9  -7.62  9 0
  43 rev 4 -3.8 0.31 -2.3 0.31 -2.29999 0.47 131.8 0.47 tr  -6.35   26.39640 0  -6.35   26.39640 9  -6.35  9 0
  44 rev 4 -3.8 0.31 -2.3 0.31 -2.29999 0.47 131.8 0.47 tr   6.35   26.39640 0   6.35   26.39640 9   6.35  9 0
  45 rev 4 -3.8 0.31 -2.3 0.31 -2.29999 0.47 131.8 0.47 tr   7.62   26.39640 0   7.62   26.39640 9   7.62  9 0
  46 rev 4 -3.8 0.31 -2.3 0.31 -2.29999 0.47 131.8 0.47 tr   8.89   26.39640 0   8.89   26.39640 9   8.89  9 0
  47 rev 4 -3.8 0.31 -2.3 0.31 -2.29999 0.47 131.8 0.47 tr -10.795  25.29655 0 -10.795  25.29655 9 -10.795 9 0
  48 rev 4 -3.8 0.31 -2.3 0.31 -2.29999 0.47 131.8 0.47 tr  10.795  25.29655 0  10.795  25.29655 9  10.795 9 0
  49 rev 4 -3.8 0.31 -2.3 0.31 -2.29999 0.47 131.8 0.47 tr -12.70   24.19670 0 -12.70   24.19670 9 -12.70  9 0
  50 rev 4 -3.8 0.31 -2.3 0.31 -2.29999 0.47 131.8 0.47 tr  12.70   24.19670 0  12.70   24.19670 9  12.70  9 0
  51 rev 4 -3.8 0.31 -2.3 0.31 -2.29999 0.47 131.8 0.47 tr -14.605  23.09685 0 -14.605  23.09685 9 -14.605 9 0
  52 rev 4 -3.8 0.31 -2.3 0.31 -2.29999 0.47 131.8 0.47 tr  14.605  23.09685 0  14.605  23.09685 9  14.605 9 0
  53 rev 4 -3.8 0.31 -2.3 0.31 -2.29999 0.47 131.8 0.47 tr -16.51   21.99700 0 -16.51   21.99700 9 -16.51  9 0
  54 rev 4 -3.8 0.31 -2.3 0.31 -2.29999 0.47 131.8 0.47 tr  16.51   21.99700 0  16.51   21.99700 9  16.51  9 0
  55 rev 4 -3.8 0.31 -2.3 0.31 -2.29999 0.47 131.8 0.47 tr -18.415  20.89715 0 -18.415  20.89715 9 -18.415 9 0
  56 rev 4 -3.8 0.31 -2.3 0.31 -2.29999 0.47 131.8 0.47 tr  18.415  20.89715 0  18.415  20.89715 9  18.415 9 0
  57 rev 4 -3.8 0.31 -2.3 0.31 -2.29999 0.47 131.8 0.47 tr -19.05   19.79730 0 -19.05   19.79730 9 -19.05  9 0
  58 rev 4 -3.8 0.31 -2.3 0.31 -2.29999 0.47 131.8 0.47 tr  19.05   19.79730 0  19.05   19.79730 9  19.05  9 0
  59 rev 4 -3.8 0.31 -2.3 0.31 -2.29999 0.47 131.8 0.47 tr -19.685  18.69745 0 -19.685  18.69745 9 -19.685 9 0
  60 rev 4 -3.8 0.31 -2.3 0.31 -2.29999 0.47 131.8 0.47 tr  19.685  18.69745 0  19.685  18.69745 9  19.685 9 0
  61 rev 4 -3.8 0.31 -2.3 0.31 -2.29999 0.47 131.8 0.47 tr -26.035   7.69895 0 -26.035   7.69895 9 -26.035 9 0
  62 rev 4 -3.8 0.31 -2.3 0.31 -2.29999 0.47 131.8 0.47 tr  26.035   7.69895 0  26.035   7.69895 9  26.035 9 0
  63 rev 4 -3.8 0.31 -2.3 0.31 -2.29999 0.47 131.8 0.47 tr -26.67    6.59910 0 -26.67    6.59910 9 -26.67  9 0
  64 rev 4 -3.8 0.31 -2.3 0.31 -2.29999 0.47 131.8 0.47 tr  26.67    6.59910 0  26.67    6.59910 9  26.67  9 0
  65 rev 4 -3.8 0.31 -2.3 0.31 -2.29999 0.47 131.8 0.47 tr -27.305   5.49925 0 -27.305   5.49925 9 -27.305 9 0
  66 rev 4 -3.8 0.31 -2.3 0.31 -2.29999 0.47 131.8 0.47 tr  27.305   5.49925 0  27.305   5.49925 9  27.305 9 0
  67 rev 4 -3.8 0.31 -2.3 0.31 -2.29999 0.47 131.8 0.47 tr -27.305   3.29955 0 -27.305   3.29955 9 -27.305 9 0
  68 rev 4 -3.8 0.31 -2.3 0.31 -2.29999 0.47 131.8 0.47 tr  27.305   3.29955 0  27.305   3.29955 9  27.305 9 0
  69 rev 4 -3.8 0.31 -2.3 0.31 -2.29999 0.47 131.8 0.47 tr -27.305   1.09985 0 -27.305   1.09985 9 -27.305 9 0
  70 rev 4 -3.8 0.31 -2.3 0.31 -2.29999 0.47 131.8 0.47 tr  27.305   1.09985 0  27.305   1.09985 9  27.305 9 0
  71 rev 4 -3.8 0.31 -2.3 0.31 -2.29999 0.47 131.8 0.47 tr -27.305  -1.09985 0 -27.305  -1.09985 9 -27.305 9 0
  72 rev 4 -3.8 0.31 -2.3 0.31 -2.29999 0.47 131.8 0.47 tr  27.305  -1.09985 0  27.305  -1.09985 9  27.305 9 0
  73 rev 4 -3.8 0.31 -2.3 0.31 -2.29999 0.47 131.8 0.47 tr -27.305  -3.29955 0 -27.305  -3.29955 9 -27.305 9 0
  74 rev 4 -3.8 0.31 -2.3 0.31 -2.29999 0.47 131.8 0.47 tr  27.305  -3.29955 0  27.305  -3.29955 9  27.305 9 0
  75 rev 4 -3.8 0.31 -2.3 0.31 -2.29999 0.47 131.8 0.47 tr -27.305  -5.49925 0 -27.305  -5.49925 9 -27.305 9 0
  76 rev 4 -3.8 0.31 -2.3 0.31 -2.29999 0.47 131.8 0.47 tr  27.305  -5.49925 0  27.305  -5.49925 9  27.305 9 0
  77 rev 4 -3.8 0.31 -2.3 0.31 -2.29999 0.47 131.8 0.47 tr -26.67   -6.59910 0 -26.67   -6.59910 9 -26.67  9 0
  78 rev 4 -3.8 0.31 -2.3 0.31 -2.29999 0.47 131.8 0.47 tr  26.67   -6.59910 0  26.67   -6.59910 9  26.67  9 0
  79 rev 4 -3.8 0.31 -2.3 0.31 -2.29999 0.47 131.8 0.47 tr -26.035  -7.69895 0 -26.035  -7.69895 9 -26.035 9 0
  80 rev 4 -3.8 0.31 -2.3 0.31 -2.29999 0.47 131.8 0.47 tr  26.035  -7.69895 0  26.035  -7.69895 9  26.035 9 0
  81 rev 4 -3.8 0.31 -2.3 0.31 -2.29999 0.47 131.8 0.47 tr -19.685 -18.69745 0 -19.685 -18.69745 9 -19.685 9 0
  82 rev 4 -3.8 0.31 -2.3 0.31 -2.29999 0.47 131.8 0.47 tr  19.685 -18.69745 0  19.685 -18.69745 9  19.685 9 0
  83 rev 4 -3.8 0.31 -2.3 0.31 -2.29999 0.47 131.8 0.47 tr -19.05  -19.79730 0 -19.05  -19.79730 9 -19.05  9 0
  84 rev 4 -3.8 0.31 -2.3 0.31 -2.29999 0.47 131.8 0.47 tr  19.05  -19.79730 0  19.05  -19.79730 9  19.05  9 0
  85 rev 4 -3.8 0.31 -2.3 0.31 -2.29999 0.47 131.8 0.47 tr -18.415 -20.89715 0 -18.415 -20.89715 9 -18.415 9 0
  86 rev 4 -3.8 0.31 -2.3 0.31 -2.29999 0.47 131.8 0.47 tr  18.415 -20.89715 0  18.415 -20.89715 9  18.415 9 0
  87 rev 4 -3.8 0.31 -2.3 0.31 -2.29999 0.47 131.8 0.47 tr -16.51  -21.99700 0 -16.51  -21.99700 9 -16.51  9 0
  88 rev 4 -3.8 0.31 -2.3 0.31 -2.29999 0.47 131.8 0.47 tr  16.51  -21.99700 0  16.51  -21.99700 9  16.51  9 0
  89 rev 4 -3.8 0.31 -2.3 0.31 -2.29999 0.47 131.8 0.47 tr -14.605 -23.09685 0 -14.605 -23.09685 9 -14.605 9 0
  90 rev 4 -3.8 0.31 -2.3 0.31 -2.29999 0.47 131.8 0.47 tr  14.605 -23.09685 0  14.605 -23.09685 9  14.605 9 0
  91 rev 4 -3.8 0.31 -2.3 0.31 -2.29999 0.47 131.8 0.47 tr -12.70  -24.19670 0 -12.70  -24.19670 9 -12.70  9 0
  92 rev 4 -3.8 0.31 -2.3 0.31 -2.29999 0.47 131.8 0.47 tr  12.70  -24.19670 0  12.70  -24.19670 9  12.70  9 0
  93 rev 4 -3.8 0.31 -2.3 0.31 -2.29999 0.47 131.8 0.47 tr -10.795 -25.29655 0 -10.795 -25.29655 9 -10.795 9 0
  94 rev 4 -3.8 0.31 -2.3 0.31 -2.29999 0.47 131.8 0.47 tr  10.795 -25.29655 0  10.795 -25.29655 9  10.795 9 0
  95 rev 4 -3.8 0.31 -2.3 0.31 -2.29999 0.47 131.8 0.47 tr  -8.89  -26.39640 0  -8.89  -26.39640 9  -8.89  9 0
  96 rev 4 -3.8 0.31 -2.3 0.31 -2.29999 0.47 131.8 0.47 tr  -7.62  -26.39640 0  -7.62  -26.39640 9  -7.62  9 0
  97 rev 4 -3.8 0.31 -2.3 0.31 -2.29999 0.47 131.8 0.47 tr  -6.35  -26.39640 0  -6.35  -26.39640 9  -6.35  9 0
  98 rev 4 -3.8 0.31 -2.3 0.31 -2.29999 0.47 131.8 0.47 tr   6.35  -26.39640 0   6.35  -26.39640 9   6.35  9 0
  99 rev 4 -3.8 0.31 -2.3 0.31 -2.29999 0.47 131.8 0.47 tr   7.62  -26.39640 0   7.62  -26.39640 9   7.62  9 0
 100 rev 4 -3.8 0.31 -2.3 0.31 -2.29999 0.47 131.8 0.47 tr   8.89  -26.39640 0   8.89  -26.39640 9   8.89  9 0
end
