LCT075-1: 1,195 VVER U(6.5)O2 rods, 1.10 cm trianglur pitch, 4 B4C rods 15.4 from core center, Hc=93.83cm 
basic
  neutron delayedn CENTIMETERS URRPT
criticality
  npart=15000 nbatch=4400 sdt=0.0001 nfirst=100 norm=1.0 nsource=1 0 0 46.915
dump  1000 1500 2000 2500 
assign-mc
  1 red 2 lime 3 black 4 sky 5 gray 6 yellow
mix nlib=ENDFB8R0 ptlib=PT.ENDFB8R0.ACE sablib=T.ENDFB8R0
  mat=1 bunches    u234 1.2298-5  u235 1.5920-3 u238 2.2598-2 o16 4.8405-2 $ U(6.5)O2
  mat=2 bunches      zr 4.2794-2    nb 4.2456-4   hf 6.6297-6              $ Clad, plugs, ends
  mat=3 bunches       c 1.9115-2   b10 1.5216-2  b11 6.1246-2              $ B4C
  mat=4 bunches (h.h2o) 6.6762-2   o16 3.3381-2                            $ Water
  mat=5 bunches      fe 5.8715-2    cr 1.6469-2   ni 8.1061-3  si 1.3551-3 $ 12X18H10T
                     mn 9.5257-4    ti 6.9554-4    p 5.3759-5   c 4.7531-4 $  stainless 
                     cu 2.2460-4     s 2.9669-5                            $  steel
  mat=6 bunches      cu 2.5587-5    mg 3.0104-4   mn 4.4395-5  zn 4.9731-5 $ AVT
                     fe 1.4557-4    si 2.8947-4   ti 5.0939-5  cr 7.8178-5 $  alumminum
                     al 5.8816-2                                           $  alloy
geometry
$ ------------------------------------------------------------------------ $
   use unit 6 Frods    -5 -30 -31  101 102 103 104 105 106 107 108 109 110 $ Prism including the fuel rods
                                   111 112 113 114 115 116 117 118 119 120 $  except for B4C absorber rods
                                   121 122 123 124                         $  and sectors below with holes:
                                   501 502 503 504 505 506                 $
$ ------------------------------------------------------------------------ $
   use unit 8 Arod     -5 -30 -31 -501 tr  -7.7  13.336792 0
   use unit 8 Arod     -5 -30 -31 -502 tr   7.7  13.336792 0
   use unit 8 Arod     -5 -30 -31 -503 tr -15.4   0.0      0
   use unit 8 Arod     -5 -30 -31 -504 tr  15.4   0.0      0
   use unit 8 Arod     -5 -30 -31 -505 tr  -7.7 -13.336792 0
   use unit 8 Arod     -5 -30 -31 -506 tr   7.7 -13.336792 0
     sector 4 Hole  -1 -5 -30 -31 -101  sector 4 Hole  -1 -5 -30 -31 -102  sector 4 Hole  -1 -5 -30 -31 -103
     sector 4 Hole  -1 -5 -30 -31 -104  sector 4 Hole  -1 -5 -30 -31 -105  sector 4 Hole  -1 -5 -30 -31 -106
     sector 4 Hole  -1 -5 -30 -31 -107  sector 4 Hole  -1 -5 -30 -31 -108  sector 4 Hole  -1 -5 -30 -31 -109
     sector 4 Hole  -1 -5 -30 -31 -110  sector 4 Hole  -1 -5 -30 -31 -111  sector 4 Hole  -1 -5 -30 -31 -112
     sector 4 Hole  -1 -5 -30 -31 -113  sector 4 Hole  -1 -5 -30 -31 -114  sector 4 Hole  -1 -5 -30 -31 -115
     sector 4 Hole  -1 -5 -30 -31 -116  sector 4 Hole  -1 -5 -30 -31 -117  sector 4 Hole  -1 -5 -30 -31 -118
     sector 4 Hole  -1 -5 -30 -31 -119  sector 4 Hole  -1 -5 -30 -31 -120  sector 4 Hole  -1 -5 -30 -31 -121
     sector 4 Hole  -1 -5 -30 -31 -122  sector 4 Hole  -1 -5 -30 -31 -123  sector 4 Hole  -1 -5 -30 -31 -124
$ ------------------------------------------------------------------------ $
   use unit 7 Holes    -5  30 -31  201 202 203 204 205 206 207 208 209 210 $ Prism with holes except for 
                                   211 212 213 214 215 216 217 218 219 220 $  units with fuel rods below:
                                   221 222 223 224 225 226 227 228 229 230 $
                                   231 232 233 234 235 236 237 238 239 240 $
                                   241 242 243 244 245 246 247 248 249 250 $
                                   251 252 253 254 255 256 257 258 259 260 $
                                   261 262 263 264 265 266 267 268 269 270 $
                                   271 272 273 274 275 276 277 278         $
$ ------------------------------------------------------------------------ $
   use unit 2 Frod     -5  30 -31 -201 tr  -6.6   19.052560 0
   use unit 2 Frod     -5  30 -31 -202 tr  -5.5   19.052560 0
   use unit 2 Frod     -5  30 -31 -203 tr  -4.4   19.052560 0
   use unit 2 Frod     -5  30 -31 -204 tr  -3.3   19.052560 0
   use unit 2 Frod     -5  30 -31 -205 tr  -2.2   19.052560 0
   use unit 2 Frod     -5  30 -31 -206 tr  -1.1   19.052560 0
   use unit 2 Frod     -5  30 -31 -207 tr   0.0   19.052560 0
   use unit 2 Frod     -5  30 -31 -208 tr   1.1   19.052560 0
   use unit 2 Frod     -5  30 -31 -209 tr   2.2   19.052560 0
   use unit 2 Frod     -5  30 -31 -210 tr   3.3   19.052560 0
   use unit 2 Frod     -5  30 -31 -211 tr   4.4   19.052560 0
   use unit 2 Frod     -5  30 -31 -212 tr   5.5   19.052560 0
   use unit 2 Frod     -5  30 -31 -213 tr   6.6   19.052560 0
$ -
   use unit 2 Frod     -5  30 -31 -214 tr -13.20  15.242048 0
   use unit 2 Frod     -5  30 -31 -215 tr -13.75  14.289420 0
   use unit 2 Frod     -5  30 -31 -216 tr -14.30  13.336792 0
   use unit 2 Frod     -5  30 -31 -217 tr -14.85  12.384164 0
   use unit 2 Frod     -5  30 -31 -218 tr -15.40  11.431536 0
   use unit 2 Frod     -5  30 -31 -219 tr -15.95  10.478908 0
   use unit 2 Frod     -5  30 -31 -220 tr -16.50   9.526280 0
   use unit 2 Frod     -5  30 -31 -221 tr -17.05   8.573652 0
   use unit 2 Frod     -5  30 -31 -222 tr -17.60   7.621024 0
   use unit 2 Frod     -5  30 -31 -223 tr -18.15   6.668396 0
   use unit 2 Frod     -5  30 -31 -224 tr -18.70   5.715768 0
   use unit 2 Frod     -5  30 -31 -225 tr -19.25   4.763140 0
   use unit 2 Frod     -5  30 -31 -226 tr -19.80   3.810512 0
$ -
   use unit 2 Frod     -5  30 -31 -227 tr  13.20  15.242048 0
   use unit 2 Frod     -5  30 -31 -228 tr  13.75  14.289420 0
   use unit 2 Frod     -5  30 -31 -229 tr  14.30  13.336792 0
   use unit 2 Frod     -5  30 -31 -230 tr  14.85  12.384164 0
   use unit 2 Frod     -5  30 -31 -231 tr  15.40  11.431536 0
   use unit 2 Frod     -5  30 -31 -232 tr  15.95  10.478908 0
   use unit 2 Frod     -5  30 -31 -233 tr  16.50   9.526280 0
   use unit 2 Frod     -5  30 -31 -234 tr  17.05   8.573652 0
   use unit 2 Frod     -5  30 -31 -235 tr  17.60   7.621024 0
   use unit 2 Frod     -5  30 -31 -236 tr  18.15   6.668396 0
   use unit 2 Frod     -5  30 -31 -237 tr  18.70   5.715768 0
   use unit 2 Frod     -5  30 -31 -238 tr  19.25   4.763140 0
   use unit 2 Frod     -5  30 -31 -239 tr  19.80   3.810512 0
$ -
   use unit 2 Frod     -5  30 -31 -240 tr -13.20 -15.242048 0
   use unit 2 Frod     -5  30 -31 -241 tr -13.75 -14.289420 0
   use unit 2 Frod     -5  30 -31 -242 tr -14.30 -13.336792 0
   use unit 2 Frod     -5  30 -31 -243 tr -14.85 -12.384164 0
   use unit 2 Frod     -5  30 -31 -244 tr -15.40 -11.431536 0
   use unit 2 Frod     -5  30 -31 -245 tr -15.95 -10.478908 0
   use unit 2 Frod     -5  30 -31 -246 tr -16.50  -9.526280 0
   use unit 2 Frod     -5  30 -31 -247 tr -17.05  -8.573652 0
   use unit 2 Frod     -5  30 -31 -248 tr -17.60  -7.621024 0
   use unit 2 Frod     -5  30 -31 -249 tr -18.15  -6.668396 0
   use unit 2 Frod     -5  30 -31 -250 tr -18.70  -5.715768 0
   use unit 2 Frod     -5  30 -31 -251 tr -19.25  -4.763140 0
   use unit 2 Frod     -5  30 -31 -252 tr -19.80  -3.810512 0
$ -
   use unit 2 Frod     -5  30 -31 -253 tr  13.20 -15.242048 0
   use unit 2 Frod     -5  30 -31 -254 tr  13.75 -14.289420 0
   use unit 2 Frod     -5  30 -31 -255 tr  14.30 -13.336792 0
   use unit 2 Frod     -5  30 -31 -256 tr  14.85 -12.384164 0
   use unit 2 Frod     -5  30 -31 -257 tr  15.40 -11.431536 0
   use unit 2 Frod     -5  30 -31 -258 tr  15.95 -10.478908 0
   use unit 2 Frod     -5  30 -31 -259 tr  16.50  -9.526280 0
   use unit 2 Frod     -5  30 -31 -260 tr  17.05  -8.573652 0
   use unit 2 Frod     -5  30 -31 -261 tr  17.60  -7.621024 0
   use unit 2 Frod     -5  30 -31 -262 tr  18.15  -6.668396 0
   use unit 2 Frod     -5  30 -31 -263 tr  18.70  -5.715768 0
   use unit 2 Frod     -5  30 -31 -264 tr  19.25  -4.763140 0
   use unit 2 Frod     -5  30 -31 -265 tr  19.80  -3.810512 0
$ -
   use unit 2 Frod     -5  30 -31 -266 tr  -6.6  -19.052560 0
   use unit 2 Frod     -5  30 -31 -267 tr  -5.5  -19.052560 0
   use unit 2 Frod     -5  30 -31 -268 tr  -4.4  -19.052560 0
   use unit 2 Frod     -5  30 -31 -269 tr  -3.3  -19.052560 0
   use unit 2 Frod     -5  30 -31 -270 tr  -2.2  -19.052560 0
   use unit 2 Frod     -5  30 -31 -271 tr  -1.1  -19.052560 0
   use unit 2 Frod     -5  30 -31 -272 tr   0.0  -19.052560 0
   use unit 2 Frod     -5  30 -31 -273 tr   1.1  -19.052560 0
   use unit 2 Frod     -5  30 -31 -274 tr   2.2  -19.052560 0
   use unit 2 Frod     -5  30 -31 -275 tr   3.3  -19.052560 0
   use unit 2 Frod     -5  30 -31 -276 tr   4.4  -19.052560 0
   use unit 2 Frod     -5  30 -31 -277 tr   5.5  -19.052560 0
   use unit 2 Frod     -5  30 -31 -278 tr   6.6  -19.052560 0
$ ------------------------------------------------------------------------ $
   use unit 1 Alles    -5  30  31  301 302 303 304 305 306 307 308 309 310 $ The rest of the geometry and edge holes
                                   311 312 313 314 315 316 317 318 319 320 $  in the grid plates given below:
                                   321 322 323 324 325 326 327 328 329 330 $ 
                                   331 332 333 334 335 336 337 338 339 340 $
                                   341 342 343 344 345 346 347 348 349 350 $
                                   351 352 353 354 355 356 357 358 359 360 $
                                   361 362 363 364 365 366 367 368 369 370 $
                                   371 372 373 374 375 376 377 378 379 380 $
                                   381 382 383 384 385 386 387 388 389 390 $
                                   391 392 393 394 395 396 397 398 399 400 $
                                   401 402 403 404 405 406 407 408 409 410 $
                                   411 412 413 414 415 416 417 418 419 420 $
                                   421 422 423 424 425 426 427 428 429 430 $
                                   431 432 433 434 435 436 437 438         $
$ ------------------------------------------------------------------------ $
     sector 4 Hole  -1 -5  30  31 -301  sector 4 Hole  -1 -5  30  31 -302  sector 4 Hole  -1 -5  30  31 -303
     sector 4 Hole  -1 -5  30  31 -304  sector 4 Hole  -1 -5  30  31 -305  sector 4 Hole  -1 -5  30  31 -306
     sector 4 Hole  -1 -5  30  31 -307  sector 4 Hole  -1 -5  30  31 -308  sector 4 Hole  -1 -5  30  31 -309
     sector 4 Hole  -1 -5  30  31 -310  sector 4 Hole  -1 -5  30  31 -311  sector 4 Hole  -1 -5  30  31 -312
     sector 4 Hole  -1 -5  30  31 -313  sector 4 Hole  -1 -5  30  31 -314  sector 4 Hole  -1 -5  30  31 -315
     sector 4 Hole  -1 -5  30  31 -316  sector 4 Hole  -1 -5  30  31 -317  sector 4 Hole  -1 -5  30  31 -318
     sector 4 Hole  -1 -5  30  31 -319  sector 4 Hole  -1 -5  30  31 -320  sector 4 Hole  -1 -5  30  31 -321
     sector 4 Hole  -1 -5  30  31 -322  sector 4 Hole  -1 -5  30  31 -323  sector 4 Hole  -1 -5  30  31 -324
     sector 4 Hole  -1 -5  30  31 -325  sector 4 Hole  -1 -5  30  31 -326  sector 4 Hole  -1 -5  30  31 -327
     sector 4 Hole  -1 -5  30  31 -328  sector 4 Hole  -1 -5  30  31 -329  sector 4 Hole  -1 -5  30  31 -330
     sector 4 Hole  -1 -5  30  31 -331  sector 4 Hole  -1 -5  30  31 -332  sector 4 Hole  -1 -5  30  31 -333
     sector 4 Hole  -1 -5  30  31 -334  sector 4 Hole  -1 -5  30  31 -335  sector 4 Hole  -1 -5  30  31 -336
     sector 4 Hole  -1 -5  30  31 -337  sector 4 Hole  -1 -5  30  31 -338  sector 4 Hole  -1 -5  30  31 -339
     sector 4 Hole  -1 -5  30  31 -340  sector 4 Hole  -1 -5  30  31 -341  sector 4 Hole  -1 -5  30  31 -342
     sector 4 Hole  -1 -5  30  31 -343  sector 4 Hole  -1 -5  30  31 -344  sector 4 Hole  -1 -5  30  31 -345
     sector 4 Hole  -1 -5  30  31 -346  sector 4 Hole  -1 -5  30  31 -347  sector 4 Hole  -1 -5  30  31 -348
     sector 4 Hole  -1 -5  30  31 -349  sector 4 Hole  -1 -5  30  31 -350  sector 4 Hole  -1 -5  30  31 -351
     sector 4 Hole  -1 -5  30  31 -352  sector 4 Hole  -1 -5  30  31 -353  sector 4 Hole  -1 -5  30  31 -354
     sector 4 Hole  -1 -5  30  31 -355  sector 4 Hole  -1 -5  30  31 -356  sector 4 Hole  -1 -5  30  31 -357
     sector 4 Hole  -1 -5  30  31 -358  sector 4 Hole  -1 -5  30  31 -359  sector 4 Hole  -1 -5  30  31 -360
     sector 4 Hole  -1 -5  30  31 -361  sector 4 Hole  -1 -5  30  31 -362  sector 4 Hole  -1 -5  30  31 -363
     sector 4 Hole  -1 -5  30  31 -364  sector 4 Hole  -1 -5  30  31 -365  sector 4 Hole  -1 -5  30  31 -366
     sector 4 Hole  -1 -5  30  31 -367  sector 4 Hole  -1 -5  30  31 -368  sector 4 Hole  -1 -5  30  31 -369
     sector 4 Hole  -1 -5  30  31 -370  sector 4 Hole  -1 -5  30  31 -371  sector 4 Hole  -1 -5  30  31 -372
     sector 4 Hole  -1 -5  30  31 -373  sector 4 Hole  -1 -5  30  31 -374  sector 4 Hole  -1 -5  30  31 -375
     sector 4 Hole  -1 -5  30  31 -376  sector 4 Hole  -1 -5  30  31 -377  sector 4 Hole  -1 -5  30  31 -378
     sector 4 Hole  -1 -5  30  31 -379  sector 4 Hole  -1 -5  30  31 -380  sector 4 Hole  -1 -5  30  31 -381
     sector 4 Hole  -1 -5  30  31 -382  sector 4 Hole  -1 -5  30  31 -383  sector 4 Hole  -1 -5  30  31 -384
     sector 4 Hole  -1 -5  30  31 -385  sector 4 Hole  -1 -5  30  31 -386  sector 4 Hole  -1 -5  30  31 -387
     sector 4 Hole  -1 -5  30  31 -388  sector 4 Hole  -1 -5  30  31 -389  sector 4 Hole  -1 -5  30  31 -390
     sector 4 Hole  -1 -5  30  31 -391  sector 4 Hole  -1 -5  30  31 -392  sector 4 Hole  -1 -5  30  31 -393
     sector 4 Hole  -1 -5  30  31 -394  sector 4 Hole  -1 -5  30  31 -395  sector 4 Hole  -1 -5  30  31 -396
     sector 4 Hole  -1 -5  30  31 -397  sector 4 Hole  -1 -5  30  31 -398  sector 4 Hole  -1 -5  30  31 -399
     sector 4 Hole  -1 -5  30  31 -400  sector 4 Hole  -1 -5  30  31 -401  sector 4 Hole  -1 -5  30  31 -402
     sector 4 Hole  -1 -5  30  31 -403  sector 4 Hole  -1 -5  30  31 -404  sector 4 Hole  -1 -5  30  31 -405
     sector 4 Hole  -1 -5  30  31 -406  sector 4 Hole  -1 -5  30  31 -407  sector 4 Hole  -1 -5  30  31 -408
     sector 4 Hole  -1 -5  30  31 -409  sector 4 Hole  -1 -5  30  31 -410  sector 4 Hole  -1 -5  30  31 -411
     sector 4 Hole  -1 -5  30  31 -412  sector 4 Hole  -1 -5  30  31 -413  sector 4 Hole  -1 -5  30  31 -414
     sector 4 Hole  -1 -5  30  31 -415  sector 4 Hole  -1 -5  30  31 -416  sector 4 Hole  -1 -5  30  31 -417
     sector 4 Hole  -1 -5  30  31 -418  sector 4 Hole  -1 -5  30  31 -419  sector 4 Hole  -1 -5  30  31 -420
     sector 4 Hole  -1 -5  30  31 -421  sector 4 Hole  -1 -5  30  31 -422  sector 4 Hole  -1 -5  30  31 -423
     sector 4 Hole  -1 -5  30  31 -424  sector 4 Hole  -1 -5  30  31 -425  sector 4 Hole  -1 -5  30  31 -426
     sector 4 Hole  -1 -5  30  31 -427  sector 4 Hole  -1 -5  30  31 -428  sector 4 Hole  -1 -5  30  31 -429
     sector 4 Hole  -1 -5  30  31 -430  sector 4 Hole  -1 -5  30  31 -431  sector 4 Hole  -1 -5  30  31 -432
     sector 4 Hole  -1 -5  30  31 -433  sector 4 Hole  -1 -5  30  31 -434  sector 4 Hole  -1 -5  30  31 -435
     sector 4 Hole  -1 -5  30  31 -436  sector 4 Hole  -1 -5  30  31 -437  sector 4 Hole  -1 -5  30  31 -438
    boundary vacuum  5
define unit 1 $ Water and grid plates
    sector  5 SST   -2          $ SST lower grid plate
    sector  6 AVT   -3          $ AVT grid plate
    sector  5 SST   -4          $ SST upper grid plate
    sector  4 Water -1 2 3 4 -5 $ Water
define unit 2 $ Fuel rod
    sector  1 UO2   10 -11     -17     $ UO2 fuel
    sector  2 Zr    11  12 -13 -17     $ Zr alloy plug
    sector  5 SST   13  14 -15 -17     $ SST spring
    sector  2 Zr            16 -17     $ Zr alloy clad
    sector  2 Zr    17 -18             $ Zr alloy clad lower
    sector  2 Zr    17 -19             $ Zr alloy clad upper
    sector  4 Water -1  -5  17  18  19 $ Hole, water
define unit 3 $ Hole with no fuel rod
    sector  4 Water -1  -5             $ Hole, water
define unit 4 $ Unit cell of fuel rods
   use unit 2 Frod  -5 -20
   use unit 2 Frod  -5 -21 tr -0.55  0.952628 0
   use unit 2 Frod  -5 -22 tr  0.55  0.952628 0
   use unit 2 Frod  -5 -23 tr -1.10  0        0
   use unit 2 Frod  -5 -24 tr  1.10  0        0
   use unit 2 Frod  -5 -25 tr -0.55 -0.952628 0
   use unit 2 Frod  -5 -26 tr  0.55 -0.952628 0
   use unit 1 Alles -5  20 21 22 23 24 25 26
define unit 5 $ Unit cell of holes
   use unit 3 Hole  -5 -20
   use unit 3 Hole  -5 -21 tr -0.55  0.952628 0
   use unit 3 Hole  -5 -22 tr  0.55  0.952628 0
   use unit 3 Hole  -5 -23 tr -1.10  0        0
   use unit 3 Hole  -5 -24 tr  1.10  0        0
   use unit 3 Hole  -5 -25 tr -0.55 -0.952628 0
   use unit 3 Hole  -5 -26 tr  0.55 -0.952628 0
   use unit 1 Alles -5  20 21 22 23 24 25 26
define unit 6 $ 23x23 array of fuel rods
   {x 801 24 [-25.3       25.3]
    y 831 24 [-21.910444  21.910444]
    z 861    -999.9      999.9
    fill 529*4}
define unit 7 $ 23x23 array of holes
   {x 901 24 [-25.3       25.3]
    y 931 24 [-21.910444  21.910444]
    z 961    -999.9      999.9
    fill 529*5}
define unit 8 $ B4C absorber rod
    sector  3 B4C  -41 -42             $ B4C
    sector  0 Void  41 -42             $ Void
    sector  2 Zr    42 -43             $ Zr alloy clad
    sector  2 Zr    43 -44             $ Zr alloy clad lower
    sector  2 Zr    43 -45             $ Zr alloy clad upper
    sector  4 Water -1  -5  43  44  45 $ Hole, water
picture cs material color -65  65 127  -65 -65 127  65 -65 127 title="plane view through SST upper grid plate"
picture cs material color -65  65  64  -65 -65  64  65 -65  64 title="plane view through AVT grid plate"
picture cs material color -65  65  -3  -65 -65  -3  65 -65  -3 title="plane view through SST lower grid plate"
picture cs material color -27  27 127  -27 -27 127  27 -27 127 title="plane detail through SST upper grid plate"
picture cs material color -27  27  64  -27 -27  64  27 -27  64 title="plane detail through AVT grid plate"
picture cs material color -27  27  -3  -27 -27  -3  27 -27  -3 title="plane detail through SST lower grid plate"
picture cs material color -65   0 135  -65   0 -35  65   0 -35 title="axial x-z view"
picture cs material color  10   0 132   10   0 122  20   0 122 title="axial x-z detail of top of the rods"
picture cs material color  10   0  10   10   0 -10  20   0 -10 title="axial x-z detail of bottom of the rods"
surfaces
$ --- Water height, grid plates and boundary condition
   1 p z 93.83                   $ Critical water height
   2 c z 50.0        -3.8   -2.3 $ SST lower grid plate
   3 c z 50.0        63.7   64.1 $ AVT grid plate
   4 c z 50.0       126.9  127.9 $ SST upper grid plate
   5 c z 65.0       -32.3  131.8 $ Boundary condition
$ --- Fuel rod
  10 c z   0.06                  $ UO2, inner
  11 c z   0.37825    0.0  125.0 $ UO2, outer
  12 c z   0.15                  $ Zr plug, inner
  13 c z   0.385    125.0  125.7 $ Zr plug, outer
  14 c z   0.29                  $ SST spring, inner
  15 c z   0.32175  125.7  128.0 $ SST spring, outer
  16 c z   0.3880     0.0  128.0 $ Clad, inner
  17 c z   0.4525    -2.3  130.3 $ Clad, outer
  18 c z   0.3       -3.8   -2.3 $ Clad, lower
  19 c z   0.3      130.3  131.8 $ Clad, upper
$ --- Absorber rod
  41 c z   0.3765    -0.2  123.4 $ B4C
  42 c z   0.388     -0.2  127.0 $ Void
  43 c z   0.452     -2.3  129.1 $ Clad, outer
  44 c z   0.3       -3.8   -2.3 $ Clad, lower
  45 c z   0.3      129.1  130.6 $ Clad, upper
$ --- Unit cell of holes on 1.10cm triangular pitch
  20 rev 4 -3.8 0.31 -2.3 0.31 -2.29999 0.47 131.8 0.47 tr  0     0        0  0     0        9  0    9 0 $ Hole 
  21 rev 4 -3.8 0.31 -2.3 0.31 -2.29999 0.47 131.8 0.47 tr -0.55  0.952628 0 -0.55  0.952628 9 -0.55 9 0
  22 rev 4 -3.8 0.31 -2.3 0.31 -2.29999 0.47 131.8 0.47 tr  0.55  0.952628 0  0.55  0.952628 9  0.55 9 0
  23 rev 4 -3.8 0.31 -2.3 0.31 -2.29999 0.47 131.8 0.47 tr -1.10  0        0 -1.10  0        9 -1.10 9 0
  24 rev 4 -3.8 0.31 -2.3 0.31 -2.29999 0.47 131.8 0.47 tr  1.10  0        0  1.10  0        9  1.10 9 0
  25 rev 4 -3.8 0.31 -2.3 0.31 -2.29999 0.47 131.8 0.47 tr -0.55 -0.952628 0 -0.55 -0.952628 9 -0.55 9 0
  26 rev 4 -3.8 0.31 -2.3 0.31 -2.29999 0.47 131.8 0.47 tr  0.55 -0.952628 0  0.55 -0.952628 9  0.55 9 0
$ --- Array boundaries
  30 prism 12 20.35  2.857884  12.65  16.194676   7.7  19.05256    $ The
              -7.7  19.05256  -12.65  16.194676 -20.35  2.857884   $  region
             -20.35 -2.857884 -12.65 -16.194676  -7.7 -19.05256    $   with
               7.7 -19.05256   12.65 -16.194676  20.35 -2.857884   $    fuel
            -999.0 999.0
              tr 0 0 0 0 0 1 1 0 0
  31 prism  6 25.3 0  12.65  21.910444 -12.65  21.910444 $ The region
             -25.3 0 -12.65 -21.910444  12.65 -21.910444 $  with holes
            -999.0 999.0
              tr 0 0 0 0 0 1 1 0 0
$ --- 124 empty locations in the region with fuel
 101 rev 4 -3.8 0.31 -2.3 0.31 -2.29999 0.47 131.8 0.47 tr  -7.7   19.052560 0   -7.7   19.052560 9  -7.7  9 0
 102 rev 4 -3.8 0.31 -2.3 0.31 -2.29999 0.47 131.8 0.47 tr   7.7   19.052560 0    7.7   19.052560 9   7.7  9 0
 103 rev 4 -3.8 0.31 -2.3 0.31 -2.29999 0.47 131.8 0.47 tr  -9.35  18.099932 0   -9.35  18.099932 9  -9.35 9 0
 104 rev 4 -3.8 0.31 -2.3 0.31 -2.29999 0.47 131.8 0.47 tr   9.35  18.099932 0    9.35  18.099932 9   9.35 9 0
 105 rev 4 -3.8 0.31 -2.3 0.31 -2.29999 0.47 131.8 0.47 tr -11.00  17.147304 0  -11.00  17.147304 9 -11.00 9 0
 106 rev 4 -3.8 0.31 -2.3 0.31 -2.29999 0.47 131.8 0.47 tr  11.00  17.147304 0   11.00  17.147304 9  11.00 9 0
 107 rev 4 -3.8 0.31 -2.3 0.31 -2.29999 0.47 131.8 0.47 tr -12.65  16.194676 0  -12.65  16.194676 9 -12.65 9 0
 108 rev 4 -3.8 0.31 -2.3 0.31 -2.29999 0.47 131.8 0.47 tr  12.65  16.194676 0   12.65  16.194676 9  12.65 9 0
 109 rev 4 -3.8 0.31 -2.3 0.31 -2.29999 0.47 131.8 0.47 tr -20.35   2.857884 0  -20.35   2.857884 9 -20.35 9 0
 110 rev 4 -3.8 0.31 -2.3 0.31 -2.29999 0.47 131.8 0.47 tr  20.35   2.857884 0   20.35   2.857884 9  20.35 9 0
 111 rev 4 -3.8 0.31 -2.3 0.31 -2.29999 0.47 131.8 0.47 tr -20.35   0.952628 0  -20.35   0.952628 9 -20.35 9 0
 112 rev 4 -3.8 0.31 -2.3 0.31 -2.29999 0.47 131.8 0.47 tr  20.35   0.952628 0   20.35   0.952628 9  20.35 9 0
 113 rev 4 -3.8 0.31 -2.3 0.31 -2.29999 0.47 131.8 0.47 tr -20.35  -0.952628 0  -20.35  -0.952628 9 -20.35 9 0
 114 rev 4 -3.8 0.31 -2.3 0.31 -2.29999 0.47 131.8 0.47 tr  20.35  -0.952628 0   20.35  -0.952628 9  20.35 9 0
 115 rev 4 -3.8 0.31 -2.3 0.31 -2.29999 0.47 131.8 0.47 tr -20.35  -2.857884 0  -20.35  -2.857884 9 -20.35 9 0
 116 rev 4 -3.8 0.31 -2.3 0.31 -2.29999 0.47 131.8 0.47 tr  20.35  -2.857884 0   20.35  -2.857884 9  20.35 9 0
 117 rev 4 -3.8 0.31 -2.3 0.31 -2.29999 0.47 131.8 0.47 tr -12.65 -16.194676 0  -12.65 -16.194676 9 -12.65 9 0
 118 rev 4 -3.8 0.31 -2.3 0.31 -2.29999 0.47 131.8 0.47 tr  12.65 -16.194676 0   12.65 -16.194676 9  12.65 9 0
 119 rev 4 -3.8 0.31 -2.3 0.31 -2.29999 0.47 131.8 0.47 tr -11.00 -17.147304 0  -11.00 -17.147304 9 -11.00 9 0
 120 rev 4 -3.8 0.31 -2.3 0.31 -2.29999 0.47 131.8 0.47 tr  11.00 -17.147304 0   11.00 -17.147304 9  11.00 9 0
 121 rev 4 -3.8 0.31 -2.3 0.31 -2.29999 0.47 131.8 0.47 tr  -9.35 -18.099932 0   -9.35 -18.099932 9  -9.35 9 0
 122 rev 4 -3.8 0.31 -2.3 0.31 -2.29999 0.47 131.8 0.47 tr   9.35 -18.099932 0    9.35 -18.099932 9   9.35 9 0
 123 rev 4 -3.8 0.31 -2.3 0.31 -2.29999 0.47 131.8 0.47 tr  -7.7  -19.052560 0   -7.7  -19.052560 9  -7.7  9 0
 124 rev 4 -3.8 0.31 -2.3 0.31 -2.29999 0.47 131.8 0.47 tr   7.7  -19.052560 0    7.7  -19.052560 9   7.7  9 0
$ --- Fuel rods in the empty region
 201 rev 4 -3.8 0.31 -2.3 0.31 -2.29999 0.47 131.8 0.47 tr  -6.6   19.052560 0   -6.6   19.052560 9  -6.6  9 0
 202 rev 4 -3.8 0.31 -2.3 0.31 -2.29999 0.47 131.8 0.47 tr  -5.5   19.052560 0   -5.5   19.052560 9  -5.5  9 0
 203 rev 4 -3.8 0.31 -2.3 0.31 -2.29999 0.47 131.8 0.47 tr  -4.4   19.052560 0   -4.4   19.052560 9  -4.4  9 0
 204 rev 4 -3.8 0.31 -2.3 0.31 -2.29999 0.47 131.8 0.47 tr  -3.3   19.052560 0   -3.3   19.052560 9  -3.3  9 0
 205 rev 4 -3.8 0.31 -2.3 0.31 -2.29999 0.47 131.8 0.47 tr  -2.2   19.052560 0   -2.2   19.052560 9  -2.2  9 0
 206 rev 4 -3.8 0.31 -2.3 0.31 -2.29999 0.47 131.8 0.47 tr  -1.1   19.052560 0   -1.1   19.052560 9  -1.1  9 0
 207 rev 4 -3.8 0.31 -2.3 0.31 -2.29999 0.47 131.8 0.47 tr   0.0   19.052560 0    0.0   19.052560 9   0.0  9 0
 208 rev 4 -3.8 0.31 -2.3 0.31 -2.29999 0.47 131.8 0.47 tr   1.1   19.052560 0    1.1   19.052560 9   1.1  9 0
 209 rev 4 -3.8 0.31 -2.3 0.31 -2.29999 0.47 131.8 0.47 tr   2.2   19.052560 0    2.2   19.052560 9   2.2  9 0
 210 rev 4 -3.8 0.31 -2.3 0.31 -2.29999 0.47 131.8 0.47 tr   3.3   19.052560 0    3.3   19.052560 9   3.3  9 0
 211 rev 4 -3.8 0.31 -2.3 0.31 -2.29999 0.47 131.8 0.47 tr   4.4   19.052560 0    4.4   19.052560 9   4.4  9 0
 212 rev 4 -3.8 0.31 -2.3 0.31 -2.29999 0.47 131.8 0.47 tr   5.5   19.052560 0    5.5   19.052560 9   5.5  9 0
 213 rev 4 -3.8 0.31 -2.3 0.31 -2.29999 0.47 131.8 0.47 tr   6.6   19.052560 0    6.6   19.052560 9   6.6  9 0
$ -
 214 rev 4 -3.8 0.31 -2.3 0.31 -2.29999 0.47 131.8 0.47 tr -13.20  15.242048 0  -13.20  15.242048 9 -13.20 9 0
 215 rev 4 -3.8 0.31 -2.3 0.31 -2.29999 0.47 131.8 0.47 tr -13.75  14.289420 0  -13.75  14.289420 9 -13.75 9 0
 216 rev 4 -3.8 0.31 -2.3 0.31 -2.29999 0.47 131.8 0.47 tr -14.30  13.336792 0  -14.30  13.336792 9 -14.30 9 0
 217 rev 4 -3.8 0.31 -2.3 0.31 -2.29999 0.47 131.8 0.47 tr -14.85  12.384164 0  -14.85  12.384164 9 -14.85 9 0
 218 rev 4 -3.8 0.31 -2.3 0.31 -2.29999 0.47 131.8 0.47 tr -15.40  11.431536 0  -15.40  11.431536 9 -15.40 9 0
 219 rev 4 -3.8 0.31 -2.3 0.31 -2.29999 0.47 131.8 0.47 tr -15.95  10.478908 0  -15.95  10.478908 9 -15.95 9 0
 220 rev 4 -3.8 0.31 -2.3 0.31 -2.29999 0.47 131.8 0.47 tr -16.50   9.526280 0  -16.50   9.526280 9 -16.50 9 0
 221 rev 4 -3.8 0.31 -2.3 0.31 -2.29999 0.47 131.8 0.47 tr -17.05   8.573652 0  -17.05   8.573652 9 -17.05 9 0
 222 rev 4 -3.8 0.31 -2.3 0.31 -2.29999 0.47 131.8 0.47 tr -17.60   7.621024 0  -17.60   7.621024 9 -17.60 9 0
 223 rev 4 -3.8 0.31 -2.3 0.31 -2.29999 0.47 131.8 0.47 tr -18.15   6.668396 0  -18.15   6.668396 9 -18.15 9 0
 224 rev 4 -3.8 0.31 -2.3 0.31 -2.29999 0.47 131.8 0.47 tr -18.70   5.715768 0  -18.70   5.715768 9 -18.70 9 0
 225 rev 4 -3.8 0.31 -2.3 0.31 -2.29999 0.47 131.8 0.47 tr -19.25   4.763140 0  -19.25   4.763140 9 -19.25 9 0
 226 rev 4 -3.8 0.31 -2.3 0.31 -2.29999 0.47 131.8 0.47 tr -19.80   3.810512 0  -19.80   3.810512 9 -19.80 9 0
$ -
 227 rev 4 -3.8 0.31 -2.3 0.31 -2.29999 0.47 131.8 0.47 tr  13.20  15.242048 0   13.20  15.242048 9  13.20 9 0
 228 rev 4 -3.8 0.31 -2.3 0.31 -2.29999 0.47 131.8 0.47 tr  13.75  14.289420 0   13.75  14.289420 9  13.75 9 0
 229 rev 4 -3.8 0.31 -2.3 0.31 -2.29999 0.47 131.8 0.47 tr  14.30  13.336792 0   14.30  13.336792 9  14.30 9 0
 230 rev 4 -3.8 0.31 -2.3 0.31 -2.29999 0.47 131.8 0.47 tr  14.85  12.384164 0   14.85  12.384164 9  14.85 9 0
 231 rev 4 -3.8 0.31 -2.3 0.31 -2.29999 0.47 131.8 0.47 tr  15.40  11.431536 0   15.40  11.431536 9  15.40 9 0
 232 rev 4 -3.8 0.31 -2.3 0.31 -2.29999 0.47 131.8 0.47 tr  15.95  10.478908 0   15.95  10.478908 9  15.95 9 0
 233 rev 4 -3.8 0.31 -2.3 0.31 -2.29999 0.47 131.8 0.47 tr  16.50   9.526280 0   16.50   9.526280 9  16.50 9 0
 234 rev 4 -3.8 0.31 -2.3 0.31 -2.29999 0.47 131.8 0.47 tr  17.05   8.573652 0   17.05   8.573652 9  17.05 9 0
 235 rev 4 -3.8 0.31 -2.3 0.31 -2.29999 0.47 131.8 0.47 tr  17.60   7.621024 0   17.60   7.621024 9  17.60 9 0
 236 rev 4 -3.8 0.31 -2.3 0.31 -2.29999 0.47 131.8 0.47 tr  18.15   6.668396 0   18.15   6.668396 9  18.15 9 0
 237 rev 4 -3.8 0.31 -2.3 0.31 -2.29999 0.47 131.8 0.47 tr  18.70   5.715768 0   18.70   5.715768 9  18.70 9 0 
 238 rev 4 -3.8 0.31 -2.3 0.31 -2.29999 0.47 131.8 0.47 tr  19.25   4.763140 0   19.25   4.763140 9  19.25 9 0
 239 rev 4 -3.8 0.31 -2.3 0.31 -2.29999 0.47 131.8 0.47 tr  19.80   3.810512 0   19.80   3.810512 9  19.80 9 0
$ -
 240 rev 4 -3.8 0.31 -2.3 0.31 -2.29999 0.47 131.8 0.47 tr -13.20 -15.242048 0  -13.20 -15.242048 9 -13.20 9 0
 241 rev 4 -3.8 0.31 -2.3 0.31 -2.29999 0.47 131.8 0.47 tr -13.75 -14.289420 0  -13.75 -14.289420 9 -13.75 9 0
 242 rev 4 -3.8 0.31 -2.3 0.31 -2.29999 0.47 131.8 0.47 tr -14.30 -13.336792 0  -14.30 -13.336792 9 -14.30 9 0
 243 rev 4 -3.8 0.31 -2.3 0.31 -2.29999 0.47 131.8 0.47 tr -14.85 -12.384164 0  -14.85 -12.384164 9 -14.85 9 0
 244 rev 4 -3.8 0.31 -2.3 0.31 -2.29999 0.47 131.8 0.47 tr -15.40 -11.431536 0  -15.40 -11.431536 9 -15.40 9 0
 245 rev 4 -3.8 0.31 -2.3 0.31 -2.29999 0.47 131.8 0.47 tr -15.95 -10.478908 0  -15.95 -10.478908 9 -15.95 9 0
 246 rev 4 -3.8 0.31 -2.3 0.31 -2.29999 0.47 131.8 0.47 tr -16.50  -9.526280 0  -16.50  -9.526280 9 -16.50 9 0
 247 rev 4 -3.8 0.31 -2.3 0.31 -2.29999 0.47 131.8 0.47 tr -17.05  -8.573652 0  -17.05  -8.573652 9 -17.05 9 0
 248 rev 4 -3.8 0.31 -2.3 0.31 -2.29999 0.47 131.8 0.47 tr -17.60  -7.621024 0  -17.60  -7.621024 9 -17.60 9 0 
 249 rev 4 -3.8 0.31 -2.3 0.31 -2.29999 0.47 131.8 0.47 tr -18.15  -6.668396 0  -18.15  -6.668396 9 -18.15 9 0
 250 rev 4 -3.8 0.31 -2.3 0.31 -2.29999 0.47 131.8 0.47 tr -18.70  -5.715768 0  -18.70  -5.715768 9 -18.70 9 0
 251 rev 4 -3.8 0.31 -2.3 0.31 -2.29999 0.47 131.8 0.47 tr -19.25  -4.763140 0  -19.25  -4.763140 9 -19.25 9 0
 252 rev 4 -3.8 0.31 -2.3 0.31 -2.29999 0.47 131.8 0.47 tr -19.80  -3.810512 0  -19.80  -3.810512 9 -19.80 9 0
$ -
 253 rev 4 -3.8 0.31 -2.3 0.31 -2.29999 0.47 131.8 0.47 tr  13.20 -15.242048 0   13.20 -15.242048 9  13.20 9 0
 254 rev 4 -3.8 0.31 -2.3 0.31 -2.29999 0.47 131.8 0.47 tr  13.75 -14.289420 0   13.75 -14.289420 9  13.75 9 0
 255 rev 4 -3.8 0.31 -2.3 0.31 -2.29999 0.47 131.8 0.47 tr  14.30 -13.336792 0   14.30 -13.336792 9  14.30 9 0
 256 rev 4 -3.8 0.31 -2.3 0.31 -2.29999 0.47 131.8 0.47 tr  14.85 -12.384164 0   14.85 -12.384164 9  14.85 9 0
 257 rev 4 -3.8 0.31 -2.3 0.31 -2.29999 0.47 131.8 0.47 tr  15.40 -11.431536 0   15.40 -11.431536 9  15.40 9 0
 258 rev 4 -3.8 0.31 -2.3 0.31 -2.29999 0.47 131.8 0.47 tr  15.95 -10.478908 0   15.95 -10.478908 9  15.95 9 0
 259 rev 4 -3.8 0.31 -2.3 0.31 -2.29999 0.47 131.8 0.47 tr  16.50  -9.526280 0   16.50  -9.526280 9  16.50 9 0
 260 rev 4 -3.8 0.31 -2.3 0.31 -2.29999 0.47 131.8 0.47 tr  17.05  -8.573652 0   17.05  -8.573652 9  17.05 9 0
 261 rev 4 -3.8 0.31 -2.3 0.31 -2.29999 0.47 131.8 0.47 tr  17.60  -7.621024 0   17.60  -7.621024 9  17.60 9 0
 262 rev 4 -3.8 0.31 -2.3 0.31 -2.29999 0.47 131.8 0.47 tr  18.15  -6.668396 0   18.15  -6.668396 9  18.15 9 0
 263 rev 4 -3.8 0.31 -2.3 0.31 -2.29999 0.47 131.8 0.47 tr  18.70  -5.715768 0   18.70  -5.715768 9  18.70 9 0
 264 rev 4 -3.8 0.31 -2.3 0.31 -2.29999 0.47 131.8 0.47 tr  19.25  -4.763140 0   19.25  -4.763140 9  19.25 9 0
 265 rev 4 -3.8 0.31 -2.3 0.31 -2.29999 0.47 131.8 0.47 tr  19.80  -3.810512 0   19.80  -3.810512 9  18.80 9 0
$ -
 266 rev 4 -3.8 0.31 -2.3 0.31 -2.29999 0.47 131.8 0.47 tr  -6.6  -19.052560 0   -6.6  -19.052560 9  -6.6  9 0
 267 rev 4 -3.8 0.31 -2.3 0.31 -2.29999 0.47 131.8 0.47 tr  -5.5  -19.052560 0   -5.5  -19.052560 9  -5.5  9 0
 268 rev 4 -3.8 0.31 -2.3 0.31 -2.29999 0.47 131.8 0.47 tr  -4.4  -19.052560 0   -4.4  -19.052560 9  -4.4  9 0
 269 rev 4 -3.8 0.31 -2.3 0.31 -2.29999 0.47 131.8 0.47 tr  -3.3  -19.052560 0   -3.3  -19.052560 9  -3.3  9 0
 270 rev 4 -3.8 0.31 -2.3 0.31 -2.29999 0.47 131.8 0.47 tr  -2.2  -19.052560 0   -2.2  -19.052560 9  -2.2  9 0
 271 rev 4 -3.8 0.31 -2.3 0.31 -2.29999 0.47 131.8 0.47 tr  -1.1  -19.052560 0   -1.1  -19.052560 9  -1.1  9 0
 272 rev 4 -3.8 0.31 -2.3 0.31 -2.29999 0.47 131.8 0.47 tr   0.0  -19.052560 0    0.0  -19.052560 9   0.0  9 0
 273 rev 4 -3.8 0.31 -2.3 0.31 -2.29999 0.47 131.8 0.47 tr   1.1  -19.052560 0    1.1  -19.052560 9   1.1  9 0
 274 rev 4 -3.8 0.31 -2.3 0.31 -2.29999 0.47 131.8 0.47 tr   2.2  -19.052560 0    2.2  -19.052560 9   2.2  9 0 
 275 rev 4 -3.8 0.31 -2.3 0.31 -2.29999 0.47 131.8 0.47 tr   3.3  -19.052560 0    3.3  -19.052560 9   3.3  9 0
 276 rev 4 -3.8 0.31 -2.3 0.31 -2.29999 0.47 131.8 0.47 tr   4.4  -19.052560 0    4.4  -19.052560 9   4.4  9 0
 277 rev 4 -3.8 0.31 -2.3 0.31 -2.29999 0.47 131.8 0.47 tr   5.5  -19.052560 0    5.5  -19.052560 9   5.5  9 0
 278 rev 4 -3.8 0.31 -2.3 0.31 -2.29999 0.47 131.8 0.47 tr   6.6  -19.052560 0    6.6  -19.052560 9   6.6  9 0
$ --- Edge holes in the grid plate
 301 rev 4 -3.8 0.31 -2.3 0.31 -2.29999 0.47 131.8 0.47 tr -12.65  21.910444 0  -12.65  21.910444 9 -12.65 9 0
 302 rev 4 -3.8 0.31 -2.3 0.31 -2.29999 0.47 131.8 0.47 tr -11.55  21.910444 0  -11.55  21.910444 9 -11.55 9 0
 303 rev 4 -3.8 0.31 -2.3 0.31 -2.29999 0.47 131.8 0.47 tr -10.45  21.910444 0  -10.45  21.910444 9 -10.45 9 0
 304 rev 4 -3.8 0.31 -2.3 0.31 -2.29999 0.47 131.8 0.47 tr  -9.35  21.910444 0   -9.35  21.910444 9  -9.35 9 0
 305 rev 4 -3.8 0.31 -2.3 0.31 -2.29999 0.47 131.8 0.47 tr  -8.25  21.910444 0   -8.25  21.910444 9  -8.25 9 0
 306 rev 4 -3.8 0.31 -2.3 0.31 -2.29999 0.47 131.8 0.47 tr  -7.15  21.910444 0   -7.15  21.910444 9  -7.15 9 0
 307 rev 4 -3.8 0.31 -2.3 0.31 -2.29999 0.47 131.8 0.47 tr  -6.05  21.910444 0   -6.05  21.910444 9  -6.05 9 0
 308 rev 4 -3.8 0.31 -2.3 0.31 -2.29999 0.47 131.8 0.47 tr  -4.95  21.910444 0   -4.95  21.910444 9  -4.95 9 0
 309 rev 4 -3.8 0.31 -2.3 0.31 -2.29999 0.47 131.8 0.47 tr  -3.85  21.910444 0   -3.85  21.910444 9  -3.85 9 0
 310 rev 4 -3.8 0.31 -2.3 0.31 -2.29999 0.47 131.8 0.47 tr  -2.75  21.910444 0   -2.75  21.910444 9  -2.75 9 0
 311 rev 4 -3.8 0.31 -2.3 0.31 -2.29999 0.47 131.8 0.47 tr  -1.65  21.910444 0   -1.65  21.910444 9  -1.65 9 0
 312 rev 4 -3.8 0.31 -2.3 0.31 -2.29999 0.47 131.8 0.47 tr  -0.55  21.910444 0   -0.55  21.910444 9  -0.55 9 0
 313 rev 4 -3.8 0.31 -2.3 0.31 -2.29999 0.47 131.8 0.47 tr   0.55  21.910444 0    0.55  21.910444 9   0.55 9 0
 314 rev 4 -3.8 0.31 -2.3 0.31 -2.29999 0.47 131.8 0.47 tr   1.65  21.910444 0    1.65  21.910444 9   1.65 9 0
 315 rev 4 -3.8 0.31 -2.3 0.31 -2.29999 0.47 131.8 0.47 tr   2.75  21.910444 0    2.75  21.910444 9   2.75 9 0
 316 rev 4 -3.8 0.31 -2.3 0.31 -2.29999 0.47 131.8 0.47 tr   3.85  21.910444 0    3.85  21.910444 9   3.85 9 0
 317 rev 4 -3.8 0.31 -2.3 0.31 -2.29999 0.47 131.8 0.47 tr   4.95  21.910444 0    4.95  21.910444 9   4.95 9 0
 318 rev 4 -3.8 0.31 -2.3 0.31 -2.29999 0.47 131.8 0.47 tr   6.05  21.910444 0    6.05  21.910444 9   6.05 9 0
 319 rev 4 -3.8 0.31 -2.3 0.31 -2.29999 0.47 131.8 0.47 tr   7.15  21.910444 0    7.15  21.910444 9   7.15 9 0
 320 rev 4 -3.8 0.31 -2.3 0.31 -2.29999 0.47 131.8 0.47 tr   8.25  21.910444 0    8.25  21.910444 9   8.25 9 0
 321 rev 4 -3.8 0.31 -2.3 0.31 -2.29999 0.47 131.8 0.47 tr   9.35  21.910444 0    9.35  21.910444 9   9.35 9 0
 322 rev 4 -3.8 0.31 -2.3 0.31 -2.29999 0.47 131.8 0.47 tr  10.45  21.910444 0   10.45  21.910444 9  10.45 9 0
 323 rev 4 -3.8 0.31 -2.3 0.31 -2.29999 0.47 131.8 0.47 tr  11.55  21.910444 0   11.55  21.910444 9  11.55 9 0 
 324 rev 4 -3.8 0.31 -2.3 0.31 -2.29999 0.47 131.8 0.47 tr  12.65  21.910444 0   12.65  21.910444 9  12.65 9 0
$ -
 325 rev 4 -3.8 0.31 -2.3 0.31 -2.29999 0.47 131.8 0.47 tr  13.20  20.957816 0   13.20  20.957816 9  13.20 9 0
 326 rev 4 -3.8 0.31 -2.3 0.31 -2.29999 0.47 131.8 0.47 tr  13.75  20.005188 0   13.75  20.005188 9  13.75 9 0
 327 rev 4 -3.8 0.31 -2.3 0.31 -2.29999 0.47 131.8 0.47 tr  14.30  19.052560 0   14.30  19.052560 9  14.30 9 0
 328 rev 4 -3.8 0.31 -2.3 0.31 -2.29999 0.47 131.8 0.47 tr  14.85  18.099932 0   14.85  18.099932 9  14.85 9 0
 329 rev 4 -3.8 0.31 -2.3 0.31 -2.29999 0.47 131.8 0.47 tr  15.40  17.147304 0   15.40  17.147304 9  15.40 9 0
 330 rev 4 -3.8 0.31 -2.3 0.31 -2.29999 0.47 131.8 0.47 tr  15.95  16.194676 0   15.95  16.194676 9  15.95 9 0
 331 rev 4 -3.8 0.31 -2.3 0.31 -2.29999 0.47 131.8 0.47 tr  16.50  15.242048 0   16.50  15.242048 9  16.50 9 0
 332 rev 4 -3.8 0.31 -2.3 0.31 -2.29999 0.47 131.8 0.47 tr  17.05  14.289420 0   17.05  14.289420 9  17.05 9 0
 333 rev 4 -3.8 0.31 -2.3 0.31 -2.29999 0.47 131.8 0.47 tr  17.60  13.336792 0   17.60  13.336792 9  17.60 9 0
 334 rev 4 -3.8 0.31 -2.3 0.31 -2.29999 0.47 131.8 0.47 tr  18.15  12.384164 0   18.15  12.384164 9  18.15 9 0
 335 rev 4 -3.8 0.31 -2.3 0.31 -2.29999 0.47 131.8 0.47 tr  18.70  11.431536 0   18.70  11.431536 9  18.70 9 0
 336 rev 4 -3.8 0.31 -2.3 0.31 -2.29999 0.47 131.8 0.47 tr  19.25  10.478908 0   19.25  10.478908 9  19.25 9 0
 337 rev 4 -3.8 0.31 -2.3 0.31 -2.29999 0.47 131.8 0.47 tr  19.80   9.526280 0   19.80   9.526280 9  19.80 9 0
 338 rev 4 -3.8 0.31 -2.3 0.31 -2.29999 0.47 131.8 0.47 tr  20.35   8.573652 0   20.35   8.573652 9  20.35 9 0
 339 rev 4 -3.8 0.31 -2.3 0.31 -2.29999 0.47 131.8 0.47 tr  20.90   7.621024 0   20.90   7.621024 9  20.90 9 0
 340 rev 4 -3.8 0.31 -2.3 0.31 -2.29999 0.47 131.8 0.47 tr  21.45   6.668396 0   21.45   6.668396 9  21.45 9 0
 341 rev 4 -3.8 0.31 -2.3 0.31 -2.29999 0.47 131.8 0.47 tr  22.00   5.715768 0   22.00   5.715768 9  22.00 9 0
 342 rev 4 -3.8 0.31 -2.3 0.31 -2.29999 0.47 131.8 0.47 tr  22.55   4.763140 0   22.55   4.763140 9  22.55 9 0
 343 rev 4 -3.8 0.31 -2.3 0.31 -2.29999 0.47 131.8 0.47 tr  23.10   3.810512 0   23.10   3.810512 9  23.10 9 0
 344 rev 4 -3.8 0.31 -2.3 0.31 -2.29999 0.47 131.8 0.47 tr  23.65   2.857884 0   23.65   2.857884 9  23.65 9 0
 345 rev 4 -3.8 0.31 -2.3 0.31 -2.29999 0.47 131.8 0.47 tr  24.20   1.905256 0   24.20   1.905256 9  24.24 9 0
 346 rev 4 -3.8 0.31 -2.3 0.31 -2.29999 0.47 131.8 0.47 tr  24.75   0.952628 0   24.75   0.952628 9  24.75 9 0
 347 rev 4 -3.8 0.31 -2.3 0.31 -2.29999 0.47 131.8 0.47 tr  25.30   0.0      0   25.30   0.0      9  25.30 9 0
$ -
 348 rev 4 -3.8 0.31 -2.3 0.31 -2.29999 0.47 131.8 0.47 tr -13.20  20.957816 0  -13.20  20.957816 9 -13.20 9 0
 349 rev 4 -3.8 0.31 -2.3 0.31 -2.29999 0.47 131.8 0.47 tr -13.75  20.005188 0  -13.75  20.005188 9 -13.75 9 0
 350 rev 4 -3.8 0.31 -2.3 0.31 -2.29999 0.47 131.8 0.47 tr -14.30  19.052560 0  -14.30  19.052560 9 -14.30 9 0
 351 rev 4 -3.8 0.31 -2.3 0.31 -2.29999 0.47 131.8 0.47 tr -14.85  18.099932 0  -14.85  18.099932 9 -14.85 9 0
 352 rev 4 -3.8 0.31 -2.3 0.31 -2.29999 0.47 131.8 0.47 tr -15.40  17.147304 0  -15.40  17.147304 9 -15.40 9 0
 353 rev 4 -3.8 0.31 -2.3 0.31 -2.29999 0.47 131.8 0.47 tr -15.95  16.194676 0  -15.95  16.194676 9 -15.95 9 0
 354 rev 4 -3.8 0.31 -2.3 0.31 -2.29999 0.47 131.8 0.47 tr -16.50  15.242048 0  -16.50  15.242048 9 -16.50 9 0
 355 rev 4 -3.8 0.31 -2.3 0.31 -2.29999 0.47 131.8 0.47 tr -17.05  14.289420 0  -17.05  14.289420 9 -17.05 9 0
 356 rev 4 -3.8 0.31 -2.3 0.31 -2.29999 0.47 131.8 0.47 tr -17.60  13.336792 0  -17.60  13.336792 9 -17.60 9 0
 357 rev 4 -3.8 0.31 -2.3 0.31 -2.29999 0.47 131.8 0.47 tr -18.15  12.384164 0  -18.15  12.384164 9 -18.15 9 0
 358 rev 4 -3.8 0.31 -2.3 0.31 -2.29999 0.47 131.8 0.47 tr -18.70  11.431536 0  -18.70  11.431536 9 -18.70 9 0
 359 rev 4 -3.8 0.31 -2.3 0.31 -2.29999 0.47 131.8 0.47 tr -19.25  10.478908 0  -19.25  10.478908 9 -19.25 9 0
 360 rev 4 -3.8 0.31 -2.3 0.31 -2.29999 0.47 131.8 0.47 tr -19.80   9.526280 0  -19.80   9.526280 9 -19.80 9 0
 361 rev 4 -3.8 0.31 -2.3 0.31 -2.29999 0.47 131.8 0.47 tr -20.35   8.573652 0  -20.35   8.573652 9 -20.35 9 0
 362 rev 4 -3.8 0.31 -2.3 0.31 -2.29999 0.47 131.8 0.47 tr -20.90   7.621024 0  -20.90   7.621024 9 -20.90 9 0
 363 rev 4 -3.8 0.31 -2.3 0.31 -2.29999 0.47 131.8 0.47 tr -21.45   6.668396 0  -21.45   6.668396 9 -21.45 9 0
 364 rev 4 -3.8 0.31 -2.3 0.31 -2.29999 0.47 131.8 0.47 tr -22.00   5.715768 0  -22.00   5.715768 9 -22.00 9 0
 365 rev 4 -3.8 0.31 -2.3 0.31 -2.29999 0.47 131.8 0.47 tr -22.55   4.763140 0  -22.55   4.763140 9 -22.55 9 0
 366 rev 4 -3.8 0.31 -2.3 0.31 -2.29999 0.47 131.8 0.47 tr -23.10   3.810512 0  -23.10   3.810512 9 -23.10 9 0
 367 rev 4 -3.8 0.31 -2.3 0.31 -2.29999 0.47 131.8 0.47 tr -23.65   2.857884 0  -23.65   2.857884 9 -23.65 9 0
 368 rev 4 -3.8 0.31 -2.3 0.31 -2.29999 0.47 131.8 0.47 tr -24.20   1.905256 0  -24.20   1.905256 9 -24.24 9 0
 369 rev 4 -3.8 0.31 -2.3 0.31 -2.29999 0.47 131.8 0.47 tr -24.75   0.952628 0  -24.75   0.952628 9 -24.75 9 0
 370 rev 4 -3.8 0.31 -2.3 0.31 -2.29999 0.47 131.8 0.47 tr -25.30   0.0      0  -25.30   0.0      9 -25.30 9 0
$ -
 371 rev 4 -3.8 0.31 -2.3 0.31 -2.29999 0.47 131.8 0.47 tr  13.20 -20.957816 0   13.20 -20.957816 9  13.20 9 0
 372 rev 4 -3.8 0.31 -2.3 0.31 -2.29999 0.47 131.8 0.47 tr  13.75 -20.005188 0   13.75 -20.005188 9  13.75 9 0
 373 rev 4 -3.8 0.31 -2.3 0.31 -2.29999 0.47 131.8 0.47 tr  14.30 -19.052560 0   14.30 -19.052560 9  14.30 9 0
 374 rev 4 -3.8 0.31 -2.3 0.31 -2.29999 0.47 131.8 0.47 tr  14.85 -18.099932 0   14.85 -18.099932 9  14.85 9 0
 375 rev 4 -3.8 0.31 -2.3 0.31 -2.29999 0.47 131.8 0.47 tr  15.40 -17.147304 0   15.40 -17.147304 9  15.40 9 0
 376 rev 4 -3.8 0.31 -2.3 0.31 -2.29999 0.47 131.8 0.47 tr  15.95 -16.194676 0   15.95 -16.194676 9  15.95 9 0
 377 rev 4 -3.8 0.31 -2.3 0.31 -2.29999 0.47 131.8 0.47 tr  16.50 -15.242048 0   16.50 -15.242048 9  16.50 9 0
 378 rev 4 -3.8 0.31 -2.3 0.31 -2.29999 0.47 131.8 0.47 tr  17.05 -14.289420 0   17.05 -14.289420 9  17.05 9 0
 379 rev 4 -3.8 0.31 -2.3 0.31 -2.29999 0.47 131.8 0.47 tr  17.60 -13.336792 0   17.60 -13.336792 9  17.60 9 0
 380 rev 4 -3.8 0.31 -2.3 0.31 -2.29999 0.47 131.8 0.47 tr  18.15 -12.384164 0   18.15 -12.384164 9  18.15 9 0
 381 rev 4 -3.8 0.31 -2.3 0.31 -2.29999 0.47 131.8 0.47 tr  18.70 -11.431536 0   18.70 -11.431536 9  18.70 9 0
 382 rev 4 -3.8 0.31 -2.3 0.31 -2.29999 0.47 131.8 0.47 tr  19.25 -10.478908 0   19.25 -10.478908 9  19.25 9 0
 383 rev 4 -3.8 0.31 -2.3 0.31 -2.29999 0.47 131.8 0.47 tr  19.80  -9.526280 0   19.80  -9.526280 9  19.80 9 0
 384 rev 4 -3.8 0.31 -2.3 0.31 -2.29999 0.47 131.8 0.47 tr  20.35  -8.573652 0   20.35  -8.573652 9  20.35 9 0
 385 rev 4 -3.8 0.31 -2.3 0.31 -2.29999 0.47 131.8 0.47 tr  20.90  -7.621024 0   20.90  -7.621024 9  20.90 9 0
 386 rev 4 -3.8 0.31 -2.3 0.31 -2.29999 0.47 131.8 0.47 tr  21.45  -6.668396 0   21.45  -6.668396 9  21.45 9 0
 387 rev 4 -3.8 0.31 -2.3 0.31 -2.29999 0.47 131.8 0.47 tr  22.00  -5.715768 0   22.00  -5.715768 9  22.00 9 0
 388 rev 4 -3.8 0.31 -2.3 0.31 -2.29999 0.47 131.8 0.47 tr  22.55  -4.763140 0   22.55  -4.763140 9  22.55 9 0
 389 rev 4 -3.8 0.31 -2.3 0.31 -2.29999 0.47 131.8 0.47 tr  23.10  -3.810512 0   23.10  -3.810512 9  23.10 9 0
 390 rev 4 -3.8 0.31 -2.3 0.31 -2.29999 0.47 131.8 0.47 tr  23.65  -2.857884 0   23.65  -2.857884 9  23.65 9 0
 391 rev 4 -3.8 0.31 -2.3 0.31 -2.29999 0.47 131.8 0.47 tr  24.20  -1.905256 0   24.20  -1.905256 9  24.20 9 0
 392 rev 4 -3.8 0.31 -2.3 0.31 -2.29999 0.47 131.8 0.47 tr  24.75  -0.952628 0   24.75  -0.952628 9  24.75 9 0
$ -
 393 rev 4 -3.8 0.31 -2.3 0.31 -2.29999 0.47 131.8 0.47 tr -13.20 -20.957816 0  -13.20 -20.957816 9 -13.20 9 0
 394 rev 4 -3.8 0.31 -2.3 0.31 -2.29999 0.47 131.8 0.47 tr -13.75 -20.005188 0  -13.75 -20.005188 9 -13.75 9 0
 395 rev 4 -3.8 0.31 -2.3 0.31 -2.29999 0.47 131.8 0.47 tr -14.30 -19.052560 0  -14.30 -19.052560 9 -14.30 9 0
 396 rev 4 -3.8 0.31 -2.3 0.31 -2.29999 0.47 131.8 0.47 tr -14.85 -18.099932 0  -14.85 -18.099932 9 -14.85 9 0
 397 rev 4 -3.8 0.31 -2.3 0.31 -2.29999 0.47 131.8 0.47 tr -15.40 -17.147304 0  -15.40 -17.147304 9 -15.40 9 0
 398 rev 4 -3.8 0.31 -2.3 0.31 -2.29999 0.47 131.8 0.47 tr -15.95 -16.194676 0  -15.95 -16.194676 9 -15.95 9 0
 399 rev 4 -3.8 0.31 -2.3 0.31 -2.29999 0.47 131.8 0.47 tr -16.50 -15.242048 0  -16.50 -15.242048 9 -16.50 9 0
 400 rev 4 -3.8 0.31 -2.3 0.31 -2.29999 0.47 131.8 0.47 tr -17.05 -14.289420 0  -17.05 -14.289420 9 -17.05 9 0
 401 rev 4 -3.8 0.31 -2.3 0.31 -2.29999 0.47 131.8 0.47 tr -17.60 -13.336792 0  -17.60 -13.336792 9 -17.60 9 0
 402 rev 4 -3.8 0.31 -2.3 0.31 -2.29999 0.47 131.8 0.47 tr -18.15 -12.384164 0  -18.15 -12.384164 9 -18.15 9 0
 403 rev 4 -3.8 0.31 -2.3 0.31 -2.29999 0.47 131.8 0.47 tr -18.70 -11.431536 0  -18.70 -11.431536 9 -18.70 9 0
 404 rev 4 -3.8 0.31 -2.3 0.31 -2.29999 0.47 131.8 0.47 tr -19.25 -10.478908 0  -19.25 -10.478908 9 -19.25 9 0
 405 rev 4 -3.8 0.31 -2.3 0.31 -2.29999 0.47 131.8 0.47 tr -19.80  -9.526280 0  -19.80  -9.526280 9 -19.80 9 0
 406 rev 4 -3.8 0.31 -2.3 0.31 -2.29999 0.47 131.8 0.47 tr -20.35  -8.573652 0  -20.35  -8.573652 9 -20.35 9 0
 407 rev 4 -3.8 0.31 -2.3 0.31 -2.29999 0.47 131.8 0.47 tr -20.90  -7.621024 0  -20.90  -7.621024 9 -20.90 9 0
 408 rev 4 -3.8 0.31 -2.3 0.31 -2.29999 0.47 131.8 0.47 tr -21.45  -6.668396 0  -21.45  -6.668396 9 -21.45 9 0
 409 rev 4 -3.8 0.31 -2.3 0.31 -2.29999 0.47 131.8 0.47 tr -22.00  -5.715768 0  -22.00  -5.715768 9 -22.00 9 0
 410 rev 4 -3.8 0.31 -2.3 0.31 -2.29999 0.47 131.8 0.47 tr -22.55  -4.763140 0  -22.55  -4.763140 9 -22.55 9 0
 411 rev 4 -3.8 0.31 -2.3 0.31 -2.29999 0.47 131.8 0.47 tr -23.10  -3.810512 0  -23.10  -3.810512 9 -23.10 9 0
 412 rev 4 -3.8 0.31 -2.3 0.31 -2.29999 0.47 131.8 0.47 tr -23.65  -2.857884 0  -23.65  -2.857884 9 -23.65 9 0
 413 rev 4 -3.8 0.31 -2.3 0.31 -2.29999 0.47 131.8 0.47 tr -24.20  -1.905256 0  -24.20  -1.905256 9 -24.20 9 0
 414 rev 4 -3.8 0.31 -2.3 0.31 -2.29999 0.47 131.8 0.47 tr -24.75  -0.952628 0  -24.75  -0.952628 9 -24.75 9 0
$ -
 415 rev 4 -3.8 0.31 -2.3 0.31 -2.29999 0.47 131.8 0.47 tr -12.65 -21.910444 0  -12.65 -21.910444 9 -12.65 9 0 
 416 rev 4 -3.8 0.31 -2.3 0.31 -2.29999 0.47 131.8 0.47 tr -11.55 -21.910444 0  -11.55 -21.910444 9 -11.55 9 0
 417 rev 4 -3.8 0.31 -2.3 0.31 -2.29999 0.47 131.8 0.47 tr -10.45 -21.910444 0  -10.45 -21.910444 9 -10.45 9 0
 418 rev 4 -3.8 0.31 -2.3 0.31 -2.29999 0.47 131.8 0.47 tr  -9.35 -21.910444 0   -9.35 -21.910444 9  -9.35 9 0
 419 rev 4 -3.8 0.31 -2.3 0.31 -2.29999 0.47 131.8 0.47 tr  -8.25 -21.910444 0   -8.25 -21.910444 9  -8.25 9 0
 420 rev 4 -3.8 0.31 -2.3 0.31 -2.29999 0.47 131.8 0.47 tr  -7.15 -21.910444 0   -7.15 -21.910444 9  -7.15 9 0
 421 rev 4 -3.8 0.31 -2.3 0.31 -2.29999 0.47 131.8 0.47 tr  -6.05 -21.910444 0   -6.05 -21.910444 9  -6.05 9 0
 422 rev 4 -3.8 0.31 -2.3 0.31 -2.29999 0.47 131.8 0.47 tr  -4.95 -21.910444 0   -4.95 -21.910444 9  -4.95 9 0
 423 rev 4 -3.8 0.31 -2.3 0.31 -2.29999 0.47 131.8 0.47 tr  -3.85 -21.910444 0   -3.85 -21.910444 9  -3.85 9 0
 424 rev 4 -3.8 0.31 -2.3 0.31 -2.29999 0.47 131.8 0.47 tr  -2.75 -21.910444 0   -2.75 -21.910444 9  -2.75 9 0
 425 rev 4 -3.8 0.31 -2.3 0.31 -2.29999 0.47 131.8 0.47 tr  -1.65 -21.910444 0   -1.65 -21.910444 9  -1.65 9 0
 426 rev 4 -3.8 0.31 -2.3 0.31 -2.29999 0.47 131.8 0.47 tr  -0.55 -21.910444 0   -0.55 -21.910444 9  -0.55 9 0
 427 rev 4 -3.8 0.31 -2.3 0.31 -2.29999 0.47 131.8 0.47 tr   0.55 -21.910444 0    0.55 -21.910444 9   0.55 9 0
 428 rev 4 -3.8 0.31 -2.3 0.31 -2.29999 0.47 131.8 0.47 tr   1.65 -21.910444 0    1.65 -21.910444 9   1.65 9 0
 429 rev 4 -3.8 0.31 -2.3 0.31 -2.29999 0.47 131.8 0.47 tr   2.75 -21.910444 0    2.75 -21.910444 9   2.75 9 0
 430 rev 4 -3.8 0.31 -2.3 0.31 -2.29999 0.47 131.8 0.47 tr   3.85 -21.910444 0    3.85 -21.910444 9   3.85 9 0
 431 rev 4 -3.8 0.31 -2.3 0.31 -2.29999 0.47 131.8 0.47 tr   4.95 -21.910444 0    4.95 -21.910444 9   4.95 9 0
 432 rev 4 -3.8 0.31 -2.3 0.31 -2.29999 0.47 131.8 0.47 tr   6.05 -21.910444 0    6.05 -21.910444 9   6.05 9 0
 433 rev 4 -3.8 0.31 -2.3 0.31 -2.29999 0.47 131.8 0.47 tr   7.15 -21.910444 0    7.15 -21.910444 9   7.15 9 0
 434 rev 4 -3.8 0.31 -2.3 0.31 -2.29999 0.47 131.8 0.47 tr   8.25 -21.910444 0    8.25 -21.910444 9   8.25 9 0
 435 rev 4 -3.8 0.31 -2.3 0.31 -2.29999 0.47 131.8 0.47 tr   9.35 -21.910444 0    9.35 -21.910444 9   9.35 9 0
 436 rev 4 -3.8 0.31 -2.3 0.31 -2.29999 0.47 131.8 0.47 tr  10.45 -21.910444 0   10.45 -21.910444 9  10.45 9 0
 437 rev 4 -3.8 0.31 -2.3 0.31 -2.29999 0.47 131.8 0.47 tr  11.55 -21.910444 0   11.55 -21.910444 9  11.55 9 0
 438 rev 4 -3.8 0.31 -2.3 0.31 -2.29999 0.47 131.8 0.47 tr  12.65 -21.910444 0   12.65 -21.910444 9  12.65 9 0
$ --- B4C absorber rods
 501 rev 4 -3.8 0.31 -2.3 0.31 -2.29999 0.47 131.8 0.47 tr  -7.70  13.336792 0   -7.70  13.336792 9  -7.70 9 0 
 502 rev 4 -3.8 0.31 -2.3 0.31 -2.29999 0.47 131.8 0.47 tr   7.70  13.336792 0    7.70  13.336792 9   7.70 9 0 
 503 rev 4 -3.8 0.31 -2.3 0.31 -2.29999 0.47 131.8 0.47 tr -15.40   0.0      0  -15.40   0.0      9 -15.40 9 0 
 504 rev 4 -3.8 0.31 -2.3 0.31 -2.29999 0.47 131.8 0.47 tr  15.40   0.0      0   15.40   0.0      9  15.40 9 0 
 505 rev 4 -3.8 0.31 -2.3 0.31 -2.29999 0.47 131.8 0.47 tr  -7.70 -13.336792 0   -7.70 -13.336792 9  -7.70 9 0 
 506 rev 4 -3.8 0.31 -2.3 0.31 -2.29999 0.47 131.8 0.47 tr   7.70 -13.336792 0    7.70 -13.336792 9   7.70 9 0 
end
