LCT063-6: DIMPLE S06C/5
basic
  neutron delayedn CM URRPT
criticality
  npart=15000 nbatch=4400 sdt=0.0001 nfirst=100 norm=1.0 nsource=4 
   -0.62535 -0.62535 27.035
   -0.62535  0.62535 27.035
    0.62535 -0.62535 27.035
    0.62535  0.62535 27.035
mix nlib=ENDFB8R0 ptlib=PT.ENDFB8R0.ACE sablib=T.ENDFB8R0
  mat=1  bunches u234 4.5312-6 u235 7.0654-4 u236 9.6500-6 u238 2.2501-2 $ U(3)O2
                   al 6.6282-5   fe 8.9889-6  o16 4.6641-2   si 2.5917-5 $  fuel
  mat=2  bunches   al 1.6418-2    c 5.5531-3   cl 7.3720-7   cr 2.5133-7 $ Wrapper/
                   cu 1.2339-6   fe 2.8079-5    h 1.1047-2   mg 3.2260-7 $  Gap
                   mn 5.7088-7   ni 1.7813-7   si 4.6529-6   sn 3.9630-7 $
                   sr 5.9657-9                                           $
  mat=3  bunches   al 4.2859-4   co 8.1361-5   cr 1.6273-2   cu 1.1244-4 $ Clad
                   fe 5.6861-2   mn 1.4204-3   mo 1.6659-4   ni 8.9548-3 $
                   ti 6.5388-4    v 4.6140-5   zn 3.7383-5               $
  mat=4  bunches   al 3.5064-2   cu 7.1265-7   fe 4.6911-5   mg 4.7699-4 $ Upper
                   mn 3.0394-5   ni 9.1937-7   si 5.0260-5   ti 1.1471-6 $  end plug
  mat=5  bunches   al 3.5776-2   cu 1.1217-6   fe 3.9001-5   mg 7.4950-4 $ Lower
                   mn 4.7755-5   ni 1.4339-6   si 5.2876-5   ti 1.7989-6 $  end plug
  mat=6  bunches   co 7.7559-5   cr 1.1850-2   cu 1.6112-4   fe 4.6170-2 $ Dowel
                   mn 7.7874-4   mo 1.6198-4   ni 6.0123-3    s 7.9814-5 $
                   si 5.5333-4   ti 3.3603-4   zn 2.7960-5               $
  mat=7  bunches   al 5.7329-2   cu 2.5094-6   fe 9.9939-5   mg 1.3647-3 $ Upper lattice
                   mn 9.8690-5   si 1.1356-4   ti 3.3305-6   zn 2.4387-6 $  plate
  mat=8  bunches   al 6.0035-2   cu 7.8780-6   fe 8.9641-5   mg 1.4555-3 $ Lower lattice
                   mn 1.0935-4   si 7.1299-5                             $  plate
  mat=9  bunches   al 5.2225-2    c 1.6440-5   cr 1.7959-3   cu 4.6611-6 $ Fuel
                   fe 6.5441-3   mg 1.2170-3   mn 2.3687-4   nb 2.2317-5 $  support
                   ni 9.5418-4    p 3.8251-6    s 1.8472-6   si 1.5116-4 $   plate
                   ti 2.0208-5   zn 2.1139-6                             $
  mat=10 bunches   al 5.5481-2    c 1.4259-6   co 8.7184-7   cr 4.5159-4 $ Fuel
                   cu 4.3123-6   fe 1.6867-3   mg 3.5797-4   mn 4.8633-5 $  beam
                   mo 1.0711-6   nb 3.3182-6   ni 2.2587-4    p 5.5295-7 $   base
                    s 5.3405-7   si 2.4825-3   sn 6.0595-6   ti 4.5071-5 $
                   zn 2.6192-7                                           $
  mat=11 bunches   al 8.7185-5    c 1.5668-4   co 1.0378-4   cr 1.5663-2 $ Baffle
                   cu 1.1106-4   fe 5.9282-2   mn 1.3017-3   mo 9.3173-5 $
                   ni 7.4391-3    p 6.0758-5    s 1.4670-5   si 6.8681-4 $
                   ti 1.5853-4    v 8.3121-5   zn 7.1949-6               $
  mat=12 bunches            (h.h2o) 6.6736-2  o16 3.3368-2               $ Water
  mat=13 bunches   al 5.2969-4  b10 9.9159-4  b11 3.9915-3   ba 4.8768-7 $ Borosilicate
                   fe 9.3538-6    k 3.5149-4   mg 5.5110-6   na 1.3459-3 $  glass
                  o16 4.5227-2   si 1.7875-2   ti 3.0772-6   zn 1.4339-6 $  (pyrex)
  mat=14 bunches   al 6.4606-5   co 2.8757-5   cr 1.6204-2   cu 5.5625-5 $ Poison-rod
                   fe 5.9761-2   mn 1.5424-3   mo 2.0188-5   ni 9.0753-3 $  outer
                    p 3.4392-5    s 7.5493-6   si 3.2757-4   ti 4.6520-4 $   cladding
                    v 5.9883-5                                           $
  mat=15 bunches   al 1.3162-5   co 9.0388-5   cr 1.5367-2   cu 1.8162-4 $ Poison-rod
                   fe 5.5621-2   mn 1.1312-3   mo 1.0642-4   ni 7.1854-3 $  inner
                    p 4.2995-5    s 8.3050-6   si 6.3222-4    v 6.0998-5 $   cladding
  mat=16 bunches   al 4.8200-2   cr 2.0723-6   cu 3.3704-6   fe 3.8136-5 $ Poison-rod
                   mg 9.1918-4   mn 6.4507-5   ni 1.8360-6   si 3.5714-5 $  upper end plug
                   ti 2.2505-6   zn 3.2754-6                             $   and shims
  mat=17 bunches   al 3.5493-2   cu 1.1129-6   fe 3.8692-5   mg 7.4357-4 $ Poison-rod
                   mn 4.7378-5   ni 1.4225-6   si 5.2458-5   ti 1.7847-6 $  lower end plug
assign-mc
  1 red   2 yellow 3 pink  4 gray   5 black 6 purple 7 lime 8 green 9 gray 10 black
 11 gray 12 sky   13 pink 14 green 15 lime 16 gray  17 black
geometry

  sector  11 Baffle   -1 -41     -51
  sector  11 Baffle   -1 -41  51 -52
  sector  11 Baffle   -1 -41  52 -53
  sector  11 Baffle   -1 -41  53 -54
  sector  11 Baffle   -1 -41  54 -55
  sector  11 Baffle   -1 -41  55 -56
  sector  11 Baffle   -1 -41  56 -57
  sector  11 Baffle   -1 -41  57 -58
  sector  11 Baffle   -1 -41  58 -59
  sector  11 Baffle   -1 -41  59 -60
  sector  11 Baffle   -1 -41  60 -61
  sector  11 Baffle   -1 -41  61 -62
 use unit  9 Iarray   -1 -41  51  52 53 54 55 56 57 58 59 60 61 62
 use unit 10 Earray   -1  41 -42
 use unit  2 Alles    -1  42
  boundary   vacuum    1

define unit 1 $ Lower fuel support assembly
  sector  9 FuSupPlt -1 -5
  sector  9 FuSupPlt -1 -6
  sector 10 FuBeamBs -1  5 -7
  sector 10 FuBeamBs -1  6 -8
  sector 12 Water    -1  5  6  7  8

define unit 2 $ Everything except fuel and poison pins
  sector 12 Water    -1 -2 3 4 12 13 14 15 16 17 18 19
  sector  7 UpLatPlt -3
  sector  8 LoLatPlt -4
 use unit 1 FSABeam2  4 -12 tr  41.89845 0 0
 use unit 1 FSABeam3  4 -13 tr  30.01680 0 0
 use unit 1 FSABeam4  4 -14 tr  18.13515 0 0
 use unit 1 FSABeam5  4 -15 tr   6.25350 0 0
 use unit 1 FSABeam6  4 -16 tr  -5.62815 0 0
 use unit 1 FSABeam7  4 -17 tr -17.50980 0 0
 use unit 1 FSABeam8  4 -18 tr -29.39145 0 0
 use unit 1 FSABeam9  4 -19 tr -41.27310 0 0

define unit 3 $ Fuel pin and pin holes
  sector  1 U(3)O2  -21 -22
  sector  2 Wrap/Gap 21 -22
  sector  5 LoEndPlg 21  22  23 -24
  sector  4 UpEndPlg 21  22 -25
  sector  3 Clad     21  22  23  24  25 -26
  sector  6 Dowel   -23
  sector 12 Water    23  24  25  26 -27 -2
  sector  0 Air      23  24  25  26 -27  2

define unit 4 $ Fuel pin, pin holes and drainage holes
 use unit 3 FPIN    -27 
  sector 12 Water   -31 $ Water in the
  sector 12 Water   -32 $ drainage holes 
  sector 12 Water   -33 $ in the lower
  sector 12 Water   -34 $ lattice plate
  sector  0 Air     -35 $ Air in the
  sector  0 Air     -36 $ drainage holes 
  sector  0 Air     -37 $ in the lower
  sector  0 Air     -38 $ lattice plate
 use unit 2 Alles    -1 27 31 32 33 34 35 36 37 38

define unit 5 $ No fuel pin but pin holes and drainage holes
  sector  0 Air     -27  2 $  Air  in the pin hole in upper lattice plate and elsehwere
  sector 12 Water   -27 -2 $ Water in the pin hole in lower lattice plate and elsewhere
  sector 12 Water   -31 $ Water in the
  sector 12 Water   -32 $ drainage holes 
  sector 12 Water   -33 $ in the lower
  sector 12 Water   -34 $ lattice plate
  sector  0 Air     -35 $ Air in the
  sector  0 Air     -36 $ drainage holes 
  sector  0 Air     -37 $ in the lower
  sector  0 Air     -38 $ lattice plate
 use unit 2 Alles    -1 27 31 32 33 34 35 36 37 38

define unit 6 $ No fuel pin but pin holes and no drainage holes at lattice plate edges
  sector  0 Air     -27  2 $  Air  in the pin hole in upper lattice plate and elsehwere
  sector 12 Water   -27 -2 $ Water in the pin hole in lower lattice plate and elsewhere
 use unit 2 Alles    -1 27

define unit 7 $ Discrete burnable poison rod
  sector  0 Air         -71 -74
  sector 15 InClad   71 -72 -74
  sector 13 BGlass   72 -73 -74
  sector  0 Air      73     -74 
  sector 17 LoPlug   74 -75  77
  sector  6 Dowel   -77
  sector 16 UpPlug   74 -76
  sector 14 OuClad   74  75  76 -78
  sector  0 Air      76  78 -79       2
  sector 12 Water    75  77  78 -79  -2

define unit 8 $ Poison rod, pin holes and drainage holes
 use unit 7 PROD    -79 
  sector 12 Water   -31 $ Water in the
  sector 12 Water   -32 $ drainage holes 
  sector 12 Water   -33 $ in the lower
  sector 12 Water   -34 $ lattice plate
  sector  0 Air     -35 $ Air in the
  sector  0 Air     -36 $ drainage holes 
  sector  0 Air     -37 $ in the lower
  sector  0 Air     -38 $ lattice plate
 use unit 2 Alles    -1 79 31 32 33 34 35 36 37 38

define unit 9 $ 76x74 array
   {x 101 77 [-47.5266 47.5266]
    y 201 75 [-46.2759 46.2759]
    z 301    -999.99  999.99
    fill 
   
    5 5 5 5 5 5 5 5 5 5 5 5 5 5 5 5 5 5 5 5 5 5 5 5 5 5 5 5 5 5 5 5 5 5 5 5 5 5 5 5 5 5 5 5 5 5 5 5 5 5 5 5 5 5 5 5 5 5 5 5 5 5 5 5 5 5 5 5 5 5 5 5 5 5 5 5
    5 5 5 5 5 5 5 5 5 5 5 5 5 5 5 5 5 5 5 5 5 5 5 5 5 5 5 5 5 5 5 5 5 5 5 5 5 5 5 5 5 5 5 5 5 5 5 5 5 5 5 5 5 5 5 5 5 5 5 5 5 5 5 5 5 5 5 5 5 5 5 5 5 5 5 5
    5 5 5 5 5 5 5 5 5 5 5 5 5 5 5 5 5 5 5 5 5 5 5 5 5 5 5 5 5 5 5 5 5 5 5 5 5 5 5 5 5 5 5 5 5 5 5 5 5 5 5 5 5 5 5 5 5 5 5 5 5 5 5 5 5 5 5 5 5 5 5 5 5 5 5 5
    5 5 5 5 5 5 5 5 5 5 5 5 5 5 5 5 5 5 5 5 5 5 5 5 5 5 5 5 5 5 5 5 5 5 5 5 5 5 5 5 5 5 5 5 5 5 5 5 5 5 5 5 5 5 5 5 5 5 5 5 5 5 5 5 5 5 5 5 5 5 5 5 5 5 5 5
    5 5 5 5 5 5 5 5 5 5 5 5 5 5 5 5 5 5 5 5 5 5 5 5 5 5 5 5 5 5 5 5 5 5 5 5 5 5 5 5 5 5 5 5 5 5 5 5 5 5 5 5 5 5 5 5 5 5 5 5 5 5 5 5 5 5 5 5 5 5 5 5 5 5 5 5
   
    5 5 5 5 5 5 5 5 5 5 5 5 5 5 5 5 5 5 5 5 5 5 4 4 4 4 4 4 4 4 4 4 4 4 4 4 4 4 4 4 4 4 4 4 4 4 4 4 4 4 4 4 4 4 5 5 5 5 5 5 5 5 5 5 5 5 5 5 5 5 5 5 5 5 5 5
    5 5 5 5 5 5 5 5 5 5 5 5 5 5 5 5 5 5 5 5 5 5 4 4 4 4 4 4 4 4 4 4 4 4 4 4 4 4 4 4 4 4 4 4 4 4 4 4 4 4 4 4 4 4 5 5 5 5 5 5 5 5 5 5 5 5 5 5 5 5 5 5 5 5 5 5
    5 5 5 5 5 5 5 5 5 5 5 5 5 5 5 5 5 5 5 5 5 5 4 4 4 4 4 4 4 4 4 4 4 4 4 4 4 4 4 4 4 4 4 4 4 4 4 4 4 4 4 4 4 4 5 5 5 5 5 5 5 5 5 5 5 5 5 5 5 5 5 5 5 5 5 5
    5 5 5 5 5 5 5 5 5 5 5 5 5 5 5 5 5 5 5 5 5 5 4 4 4 4 4 4 4 4 4 4 4 4 4 4 4 4 4 4 4 4 4 4 4 4 4 4 4 4 4 4 4 4 5 5 5 5 5 5 5 5 5 5 5 5 5 5 5 5 5 5 5 5 5 5
    5 5 5 5 5 5 5 5 5 5 5 5 5 5 5 5 5 5 5 5 5 5 4 4 4 4 4 4 4 4 4 4 4 4 4 4 4 4 4 4 4 4 4 4 4 4 4 4 4 4 4 4 4 4 5 5 5 5 5 5 5 5 5 5 5 5 5 5 5 5 5 5 5 5 5 5
    5 5 5 5 5 5 5 5 5 5 5 5 5 5 5 5 5 5 5 5 5 5 4 4 4 4 4 4 4 4 4 4 4 4 4 5 4 4 4 4 5 4 4 4 4 4 4 4 4 4 4 4 4 4 5 5 5 5 5 5 5 5 5 5 5 5 5 5 5 5 5 5 5 5 5 5
    5 5 5 5 5 5 5 5 5 5 5 5 5 5 5 5 5 5 5 5 5 5 4 4 4 4 4 4 4 4 4 4 4 4 4 4 4 4 4 4 4 4 4 4 4 4 4 4 4 4 4 4 4 4 5 5 5 5 5 5 5 5 5 5 5 5 5 5 5 5 5 5 5 5 5 5
    5 5 5 5 5 5 5 5 5 5 5 5 5 5 5 5 5 5 5 5 5 5 4 4 4 4 4 4 4 4 4 4 4 4 4 4 4 4 4 4 4 4 4 4 4 4 4 4 4 4 4 4 4 4 5 5 5 5 5 5 5 5 5 5 5 5 5 5 5 5 5 5 5 5 5 5
    5 5 5 5 5 5 5 5 5 5 5 5 5 5 5 5 5 5 5 5 5 5 4 4 4 4 4 4 4 4 4 4 4 4 4 4 4 4 4 4 4 4 4 4 4 4 4 4 4 4 4 4 4 4 5 5 5 5 5 5 5 5 5 5 5 5 5 5 5 5 5 5 5 5 5 5
    5 5 5 5 5 5 5 5 5 5 5 5 5 5 5 5 5 5 5 5 5 5 4 4 4 4 4 4 4 4 4 4 4 4 4 4 4 4 4 4 4 4 4 4 4 4 4 4 4 4 4 4 4 4 5 5 5 5 5 5 5 5 5 5 5 5 5 5 5 5 5 5 5 5 5 5
    5 5 5 5 5 5 5 5 5 5 5 5 5 5 5 5 5 5 5 5 5 5 4 4 4 4 4 4 4 4 4 4 4 4 4 5 4 4 4 4 5 4 4 4 4 4 4 4 4 4 4 4 4 4 5 5 5 5 5 5 5 5 5 5 5 5 5 5 5 5 5 5 5 5 5 5
    5 5 5 5 5 5 5 5 5 5 5 5 5 5 5 5 5 5 5 5 5 5 4 4 4 4 4 4 4 4 4 4 4 4 4 4 4 4 4 4 4 4 4 4 4 4 4 4 4 4 4 4 4 4 5 5 5 5 5 5 5 5 5 5 5 5 5 5 5 5 5 5 5 5 5 5
    5 5 5 5 5 5 5 5 5 5 5 5 5 5 5 5 5 5 5 5 5 5 4 4 4 4 4 4 4 4 4 4 4 4 4 4 4 4 4 4 4 4 4 4 4 4 4 4 4 4 4 4 4 4 5 5 5 5 5 5 5 5 5 5 5 5 5 5 5 5 5 5 5 5 5 5
    5 5 5 5 5 5 5 5 5 5 5 5 5 5 5 5 5 5 5 5 5 5 4 4 4 4 4 5 4 4 4 4 5 4 4 5 4 4 4 4 5 4 4 5 4 4 4 4 5 4 4 4 4 4 5 5 5 5 5 5 5 5 5 5 5 5 5 5 5 5 5 5 5 5 5 5
    5 5 5 5 5 5 5 5 5 5 5 5 5 5 5 5 5 5 5 5 5 5 4 4 4 4 4 4 4 4 4 4 4 4 4 4 4 4 4 4 4 4 4 4 4 4 4 4 4 4 4 4 4 4 5 5 5 5 5 5 5 5 5 5 5 5 5 5 5 5 5 5 5 5 5 5
    5 5 5 5 5 5 5 5 5 5 5 5 5 5 5 5 5 5 5 5 5 5 4 4 4 4 4 4 4 4 4 4 4 4 4 4 4 4 4 4 4 4 4 4 4 4 4 4 4 4 4 4 4 4 5 5 5 5 5 5 5 5 5 5 5 5 5 5 5 5 5 5 5 5 5 5

    5 5 5 5 5 5 4 4 4 4 4 4 4 4 4 4 4 4 4 4 4 4 4 4 4 4 4 4 4 4 4 4 4 4 4 4 4 4 4 4 4 4 4 4 4 4 4 4 4 4 4 4 4 4 4 4 4 4 4 4 4 4 4 4 4 4 4 4 4 4 5 5 5 5 5 5
    5 5 5 5 5 5 4 4 4 4 4 4 4 4 4 4 4 4 4 4 4 4 4 4 4 4 4 4 4 4 4 4 4 4 4 4 4 4 4 4 4 4 4 4 4 4 4 4 4 4 4 4 4 4 4 4 4 4 4 4 4 4 4 4 4 4 4 4 4 4 5 5 5 5 5 5
    5 5 5 5 5 5 4 4 4 4 4 4 4 4 4 4 4 4 4 4 4 4 4 4 4 4 4 4 4 4 4 4 4 4 4 4 4 4 4 4 4 4 4 4 4 4 4 4 4 4 4 4 4 4 4 4 4 4 4 4 4 4 4 4 4 4 4 4 4 4 5 5 5 5 5 5
    5 5 5 5 5 5 4 4 4 4 4 4 4 4 4 4 4 4 4 4 4 4 4 4 4 4 4 4 4 4 4 4 4 4 4 4 4 4 4 4 4 4 4 4 4 4 4 4 4 4 4 4 4 4 4 4 4 4 4 4 4 4 4 4 4 4 4 4 4 4 5 5 5 5 5 5
    5 5 5 5 5 5 4 4 4 4 4 4 4 4 4 4 4 4 4 4 4 4 4 4 4 4 4 4 4 4 4 4 4 4 4 4 4 4 4 4 4 4 4 4 4 4 4 4 4 4 4 4 4 4 4 4 4 4 4 4 4 4 4 4 4 4 4 4 4 4 5 5 5 5 5 5
    5 5 5 5 5 5 4 4 4 4 4 4 4 4 4 4 4 4 4 5 4 4 4 4 4 4 4 4 4 4 4 4 4 4 4 4 4 4 4 4 4 4 4 4 4 4 4 4 4 4 4 4 4 4 4 4 5 4 4 4 4 4 4 4 4 4 4 4 4 4 5 5 5 5 5 5
    5 5 5 5 5 5 4 4 4 4 4 4 4 4 4 4 4 4 4 4 4 4 4 4 4 4 4 4 4 4 4 4 4 4 4 4 4 4 4 4 4 4 4 4 4 4 4 4 4 4 4 4 4 4 4 4 4 4 4 4 4 4 4 4 4 4 4 4 4 4 5 5 5 5 5 5
    5 5 5 5 5 5 4 4 4 4 4 4 4 4 4 4 4 4 4 4 4 4 4 4 4 4 4 4 4 4 4 4 4 4 4 4 4 4 4 4 4 4 4 4 4 4 4 4 4 4 4 4 4 4 4 4 4 4 4 4 4 4 4 4 4 4 4 4 4 4 5 5 5 5 5 5
    5 5 5 5 5 5 4 4 4 4 4 4 4 4 4 4 4 4 4 4 4 4 4 4 4 4 4 4 4 4 4 4 4 4 4 4 4 4 4 4 4 4 4 4 4 4 4 4 4 4 4 4 4 4 4 4 4 4 4 4 4 4 4 4 4 4 4 4 4 4 5 5 5 5 5 5
    5 5 5 5 5 5 4 4 4 4 4 4 4 4 4 4 4 4 4 4 4 4 4 4 4 4 4 4 4 4 4 4 4 4 4 4 4 4 4 4 4 4 4 4 4 4 4 4 4 4 4 4 4 4 4 4 4 4 4 4 4 4 4 4 4 4 4 4 4 4 5 5 5 5 5 5
    5 5 5 5 5 5 4 4 4 4 4 4 4 4 4 4 4 4 4 5 4 4 4 4 4 4 4 4 4 4 4 4 4 4 4 4 4 4 4 4 4 4 4 4 4 4 4 4 4 4 4 4 4 4 4 4 5 4 4 4 4 4 4 4 4 4 4 4 4 4 5 5 5 5 5 5
    5 5 5 5 5 5 4 4 4 4 4 4 4 4 4 4 4 4 4 4 4 4 4 4 4 4 4 4 4 4 4 4 4 4 4 4 4 4 4 4 4 4 4 4 4 4 4 4 4 4 4 4 4 4 4 4 4 4 4 4 4 4 4 4 4 4 4 4 4 4 5 5 5 5 5 5
    5 5 5 5 5 5 4 4 4 4 4 4 4 4 4 4 4 4 4 4 4 4 4 4 4 4 4 4 4 4 4 4 4 4 5 4 8 4 4 8 4 5 4 4 4 4 4 4 4 4 4 4 4 4 4 4 4 4 4 4 4 4 4 4 4 4 4 4 4 4 5 5 5 5 5 5
    5 5 5 5 5 5 4 4 4 4 4 5 4 4 4 4 5 4 4 5 4 4 4 4 4 4 4 4 4 4 4 4 4 4 4 4 4 4 4 4 4 4 4 4 4 4 4 4 4 4 4 4 4 4 4 4 5 4 4 5 4 4 4 4 5 4 4 4 4 4 5 5 5 5 5 5
    5 5 5 5 5 5 4 4 4 4 4 4 4 4 4 4 4 4 4 4 4 4 4 4 4 4 4 4 4 4 4 4 4 4 8 4 4 4 4 4 4 8 4 4 4 4 4 4 4 4 4 4 4 4 4 4 4 4 4 4 4 4 4 4 4 4 4 4 4 4 5 5 5 5 5 5
    5 5 5 5 5 5 4 4 4 4 4 4 4 4 4 4 4 4 4 4 4 4 4 4 4 4 4 4 4 4 4 4 4 4 4 4 4 4 4 4 4 4 4 4 4 4 4 4 4 4 4 4 4 4 4 4 4 4 4 4 4 4 4 4 4 4 4 4 4 4 5 5 5 5 5 5
    5 5 5 5 5 5 4 4 4 4 4 4 4 4 4 4 4 4 4 4 4 4 4 4 4 4 4 4 4 4 4 4 4 4 4 4 4 4 4 4 4 4 4 4 4 4 4 4 4 4 4 4 4 4 4 4 4 4 4 4 4 4 4 4 4 4 4 4 4 4 5 5 5 5 5 5
    5 5 5 5 5 5 4 4 4 4 4 4 4 4 4 4 4 4 4 4 4 4 4 4 4 4 4 4 4 4 4 4 4 4 8 4 4 4 4 4 4 8 4 4 4 4 4 4 4 4 4 4 4 4 4 4 4 4 4 4 4 4 4 4 4 4 4 4 4 4 5 5 5 5 5 5
    5 5 5 5 5 5 4 4 4 4 4 5 4 4 4 4 5 4 4 5 4 4 4 4 4 4 4 4 4 4 4 4 4 4 4 4 4 4 4 4 4 4 4 4 4 4 4 4 4 4 4 4 4 4 4 4 5 4 4 5 4 4 4 4 5 4 4 4 4 4 5 5 5 5 5 5
    5 5 5 5 5 5 4 4 4 4 4 4 4 4 4 4 4 4 4 4 4 4 4 4 4 4 4 4 4 4 4 4 4 4 5 4 8 4 4 8 4 5 4 4 4 4 4 4 4 4 4 4 4 4 4 4 4 4 4 4 4 4 4 4 4 4 4 4 4 4 5 5 5 5 5 5
    5 5 5 5 5 5 4 4 4 4 4 4 4 4 4 4 4 4 4 4 4 4 4 4 4 4 4 4 4 4 4 4 4 4 4 4 4 4 4 4 4 4 4 4 4 4 4 4 4 4 4 4 4 4 4 4 4 4 4 4 4 4 4 4 4 4 4 4 4 4 5 5 5 5 5 5
    5 5 5 5 5 5 4 4 4 4 4 4 4 4 4 4 4 4 4 5 4 4 4 4 4 4 4 4 4 4 4 4 4 4 4 4 4 4 4 4 4 4 4 4 4 4 4 4 4 4 4 4 4 4 4 4 5 4 4 4 4 4 4 4 4 4 4 4 4 4 5 5 5 5 5 5
    5 5 5 5 5 5 4 4 4 4 4 4 4 4 4 4 4 4 4 4 4 4 4 4 4 4 4 4 4 4 4 4 4 4 4 4 4 4 4 4 4 4 4 4 4 4 4 4 4 4 4 4 4 4 4 4 4 4 4 4 4 4 4 4 4 4 4 4 4 4 5 5 5 5 5 5
    5 5 5 5 5 5 4 4 4 4 4 4 4 4 4 4 4 4 4 4 4 4 4 4 4 4 4 4 4 4 4 4 4 4 4 4 4 4 4 4 4 4 4 4 4 4 4 4 4 4 4 4 4 4 4 4 4 4 4 4 4 4 4 4 4 4 4 4 4 4 5 5 5 5 5 5
    5 5 5 5 5 5 4 4 4 4 4 4 4 4 4 4 4 4 4 4 4 4 4 4 4 4 4 4 4 4 4 4 4 4 4 4 4 4 4 4 4 4 4 4 4 4 4 4 4 4 4 4 4 4 4 4 4 4 4 4 4 4 4 4 4 4 4 4 4 4 5 5 5 5 5 5
    5 5 5 5 5 5 4 4 4 4 4 4 4 4 4 4 4 4 4 4 4 4 4 4 4 4 4 4 4 4 4 4 4 4 4 4 4 4 4 4 4 4 4 4 4 4 4 4 4 4 4 4 4 4 4 4 4 4 4 4 4 4 4 4 4 4 4 4 4 4 5 5 5 5 5 5
    5 5 5 5 5 5 4 4 4 4 4 4 4 4 4 4 4 4 4 5 4 4 4 4 4 4 4 4 4 4 4 4 4 4 4 4 4 4 4 4 4 4 4 4 4 4 4 4 4 4 4 4 4 4 4 4 5 4 4 4 4 4 4 4 4 4 4 4 4 4 5 5 5 5 5 5
    5 5 5 5 5 5 4 4 4 4 4 4 4 4 4 4 4 4 4 4 4 4 4 4 4 4 4 4 4 4 4 4 4 4 4 4 4 4 4 4 4 4 4 4 4 4 4 4 4 4 4 4 4 4 4 4 4 4 4 4 4 4 4 4 4 4 4 4 4 4 5 5 5 5 5 5
    5 5 5 5 5 5 4 4 4 4 4 4 4 4 4 4 4 4 4 4 4 4 4 4 4 4 4 4 4 4 4 4 4 4 4 4 4 4 4 4 4 4 4 4 4 4 4 4 4 4 4 4 4 4 4 4 4 4 4 4 4 4 4 4 4 4 4 4 4 4 5 5 5 5 5 5
    5 5 5 5 5 5 4 4 4 4 4 4 4 4 4 4 4 4 4 4 4 4 4 4 4 4 4 4 4 4 4 4 4 4 4 4 4 4 4 4 4 4 4 4 4 4 4 4 4 4 4 4 4 4 4 4 4 4 4 4 4 4 4 4 4 4 4 4 4 4 5 5 5 5 5 5
    5 5 5 5 5 5 4 4 4 4 4 4 4 4 4 4 4 4 4 4 4 4 4 4 4 4 4 4 4 4 4 4 4 4 4 4 4 4 4 4 4 4 4 4 4 4 4 4 4 4 4 4 4 4 4 4 4 4 4 4 4 4 4 4 4 4 4 4 4 4 5 5 5 5 5 5
    5 5 5 5 5 5 4 4 4 4 4 4 4 4 4 4 4 4 4 4 4 4 4 4 4 4 4 4 4 4 4 4 4 4 4 4 4 4 4 4 4 4 4 4 4 4 4 4 4 4 4 4 4 4 4 4 4 4 4 4 4 4 4 4 4 4 4 4 4 4 5 5 5 5 5 5
   
    5 5 5 5 5 5 5 5 5 5 5 5 5 5 5 5 5 5 5 5 5 5 4 4 4 4 4 4 4 4 4 4 4 4 4 4 4 4 4 4 4 4 4 4 4 4 4 4 4 4 4 4 4 4 5 5 5 5 5 5 5 5 5 5 5 5 5 5 5 5 5 5 5 5 5 5
    5 5 5 5 5 5 5 5 5 5 5 5 5 5 5 5 5 5 5 5 5 5 4 4 4 4 4 4 4 4 4 4 4 4 4 4 4 4 4 4 4 4 4 4 4 4 4 4 4 4 4 4 4 4 5 5 5 5 5 5 5 5 5 5 5 5 5 5 5 5 5 5 5 5 5 5
    5 5 5 5 5 5 5 5 5 5 5 5 5 5 5 5 5 5 5 5 5 5 4 4 4 4 4 5 4 4 4 4 5 4 4 5 4 4 4 4 5 4 4 5 4 4 4 4 5 4 4 4 4 4 5 5 5 5 5 5 5 5 5 5 5 5 5 5 5 5 5 5 5 5 5 5
    5 5 5 5 5 5 5 5 5 5 5 5 5 5 5 5 5 5 5 5 5 5 4 4 4 4 4 4 4 4 4 4 4 4 4 4 4 4 4 4 4 4 4 4 4 4 4 4 4 4 4 4 4 4 5 5 5 5 5 5 5 5 5 5 5 5 5 5 5 5 5 5 5 5 5 5
    5 5 5 5 5 5 5 5 5 5 5 5 5 5 5 5 5 5 5 5 5 5 4 4 4 4 4 4 4 4 4 4 4 4 4 4 4 4 4 4 4 4 4 4 4 4 4 4 4 4 4 4 4 4 5 5 5 5 5 5 5 5 5 5 5 5 5 5 5 5 5 5 5 5 5 5
    5 5 5 5 5 5 5 5 5 5 5 5 5 5 5 5 5 5 5 5 5 5 4 4 4 4 4 4 4 4 4 4 4 4 4 5 4 4 4 4 5 4 4 4 4 4 4 4 4 4 4 4 4 4 5 5 5 5 5 5 5 5 5 5 5 5 5 5 5 5 5 5 5 5 5 5
    5 5 5 5 5 5 5 5 5 5 5 5 5 5 5 5 5 5 5 5 5 5 4 4 4 4 4 4 4 4 4 4 4 4 4 4 4 4 4 4 4 4 4 4 4 4 4 4 4 4 4 4 4 4 5 5 5 5 5 5 5 5 5 5 5 5 5 5 5 5 5 5 5 5 5 5
    5 5 5 5 5 5 5 5 5 5 5 5 5 5 5 5 5 5 5 5 5 5 4 4 4 4 4 4 4 4 4 4 4 4 4 4 4 4 4 4 4 4 4 4 4 4 4 4 4 4 4 4 4 4 5 5 5 5 5 5 5 5 5 5 5 5 5 5 5 5 5 5 5 5 5 5
    5 5 5 5 5 5 5 5 5 5 5 5 5 5 5 5 5 5 5 5 5 5 4 4 4 4 4 4 4 4 4 4 4 4 4 4 4 4 4 4 4 4 4 4 4 4 4 4 4 4 4 4 4 4 5 5 5 5 5 5 5 5 5 5 5 5 5 5 5 5 5 5 5 5 5 5
    5 5 5 5 5 5 5 5 5 5 5 5 5 5 5 5 5 5 5 5 5 5 4 4 4 4 4 4 4 4 4 4 4 4 4 4 4 4 4 4 4 4 4 4 4 4 4 4 4 4 4 4 4 4 5 5 5 5 5 5 5 5 5 5 5 5 5 5 5 5 5 5 5 5 5 5
    5 5 5 5 5 5 5 5 5 5 5 5 5 5 5 5 5 5 5 5 5 5 4 4 4 4 4 4 4 4 4 4 4 4 4 5 4 4 4 4 5 4 4 4 4 4 4 4 4 4 4 4 4 4 5 5 5 5 5 5 5 5 5 5 5 5 5 5 5 5 5 5 5 5 5 5
    5 5 5 5 5 5 5 5 5 5 5 5 5 5 5 5 5 5 5 5 5 5 4 4 4 4 4 4 4 4 4 4 4 4 4 4 4 4 4 4 4 4 4 4 4 4 4 4 4 4 4 4 4 4 5 5 5 5 5 5 5 5 5 5 5 5 5 5 5 5 5 5 5 5 5 5
    5 5 5 5 5 5 5 5 5 5 5 5 5 5 5 5 5 5 5 5 5 5 4 4 4 4 4 4 4 4 4 4 4 4 4 4 4 4 4 4 4 4 4 4 4 4 4 4 4 4 4 4 4 4 5 5 5 5 5 5 5 5 5 5 5 5 5 5 5 5 5 5 5 5 5 5
    5 5 5 5 5 5 5 5 5 5 5 5 5 5 5 5 5 5 5 5 5 5 4 4 4 4 4 4 4 4 4 4 4 4 4 4 4 4 4 4 4 4 4 4 4 4 4 4 4 4 4 4 4 4 5 5 5 5 5 5 5 5 5 5 5 5 5 5 5 5 5 5 5 5 5 5
    5 5 5 5 5 5 5 5 5 5 5 5 5 5 5 5 5 5 5 5 5 5 4 4 4 4 4 4 4 4 4 4 4 4 4 4 4 4 4 4 4 4 4 4 4 4 4 4 4 4 4 4 4 4 5 5 5 5 5 5 5 5 5 5 5 5 5 5 5 5 5 5 5 5 5 5
    5 5 5 5 5 5 5 5 5 5 5 5 5 5 5 5 5 5 5 5 5 5 4 4 4 4 4 4 4 4 4 4 4 4 4 4 4 4 4 4 4 4 4 4 4 4 4 4 4 4 4 4 4 4 5 5 5 5 5 5 5 5 5 5 5 5 5 5 5 5 5 5 5 5 5 5
   
    5 5 5 5 5 5 5 5 5 5 5 5 5 5 5 5 5 5 5 5 5 5 5 5 5 5 5 5 5 5 5 5 5 5 5 5 5 5 5 5 5 5 5 5 5 5 5 5 5 5 5 5 5 5 5 5 5 5 5 5 5 5 5 5 5 5 5 5 5 5 5 5 5 5 5 5
    5 5 5 5 5 5 5 5 5 5 5 5 5 5 5 5 5 5 5 5 5 5 5 5 5 5 5 5 5 5 5 5 5 5 5 5 5 5 5 5 5 5 5 5 5 5 5 5 5 5 5 5 5 5 5 5 5 5 5 5 5 5 5 5 5 5 5 5 5 5 5 5 5 5 5 5
    5 5 5 5 5 5 5 5 5 5 5 5 5 5 5 5 5 5 5 5 5 5 5 5 5 5 5 5 5 5 5 5 5 5 5 5 5 5 5 5 5 5 5 5 5 5 5 5 5 5 5 5 5 5 5 5 5 5 5 5 5 5 5 5 5 5 5 5 5 5 5 5 5 5 5 5
    5 5 5 5 5 5 5 5 5 5 5 5 5 5 5 5 5 5 5 5 5 5 5 5 5 5 5 5 5 5 5 5 5 5 5 5 5 5 5 5 5 5 5 5 5 5 5 5 5 5 5 5 5 5 5 5 5 5 5 5 5 5 5 5 5 5 5 5 5 5 5 5 5 5 5 5
    5 5 5 5 5 5 5 5 5 5 5 5 5 5 5 5 5 5 5 5 5 5 5 5 5 5 5 5 5 5 5 5 5 5 5 5 5 5 5 5 5 5 5 5 5 5 5 5 5 5 5 5 5 5 5 5 5 5 5 5 5 5 5 5 5 5 5 5 5 5 5 5 5 5 5 5} 

define unit 10 $ 76x74 array
   {x 101 77 [-47.5266 47.5266]
    y 201 75 [-46.2759 46.2759]
    z 301    -999.99  999.99
    fill 5624*6}
   
picture cs material color -130  0.625 75  -130  0.625 -35  130 0.625  -35 title="axial x/z view"
picture cs material color 4.377  -130 75  4.377 -130  -35 4.377  130  -35 title="axial y/z view"
picture cs material color  -50  0.625 75   -50  0.625 -20   50 0.625  -20 title="axial x/z detail of core"
picture cs material color 4.377  -65  75  4.377  -65  -20 4.377  65   -20 title="axial y/z detail of core"
picture cs material color    0  0.625 72     0  0.625  67    5 0.625   67 title="axial x/z detail of upper fuel pin"
picture cs material color    0  0.625  2     0  0.625  -3    5 0.625   -3 title="axial x/z detail of lower fuel pin"
picture cs material color 4.377   -5  72  4.377   -5   67 4.377    5   67 title="axial y/z detail of upper poison rod"
picture cs material color 4.377   -5   2  4.377   -5   -3 4.377    5   -3 title="axial y/z detail of lower poison rod"
picture cs material color -130   130  25  -130  -130   25  130  -130   25 title="plane view through fuel"
picture cs material color  -50    65 70.4  -50   -65  70.4  50   -65 70.4 title="plane detail through upper lattice plate"
picture cs material color  -50    65  25   -50   -65   25   50   -65   25 title="plane detail of core through fuel"
picture cs material color  -50    65  -2   -50   -65   -2   50   -65   -2 title="plane detail through lower lattice plate"
picture cs material color -1.3   1.3 70.4 -1.3  -1.3  70.4 1.3  -1.3 70.4 title="plane detail of unit cells in upper lattice plate"
picture cs material color -1.3   1.3  25  -1.3  -1.3   25  1.3  -1.3   25 title="plane detail of unit cells in water"
picture cs material color -1.3   1.3  -2  -1.3  -1.3   -2  1.3  -1.3   -2 title="plane detail of unit cells in lower lattice plate"
picture cs material color   45 -43.7 70.4   45   -48  70.4  48   -48 70.4 title="plane detail of upper lattice plate edge"
picture cs material color   45 -43.7  -2    45   -48   -2   48   -48   -2 title="plane detail of lower lattice plate edge"
picture cs material color 17.5 -37.5  25   17.5  -44   25   23   -44   25 title="plane detail near baffle"
surfaces

$ --- Lattice plates, water and boundary condition
  1 c z 129.55 -32.348 71.720 $ BCD
  2 p z  54.07                $ Hc
  3 rpp -47.48125 47.48125 -60.96055 60.96055 70.108 70.748 $ Upper lattice plate
  4 rpp -47.48125 47.48125 -55.88055 55.88055 -2.348 -1.078 $ Lower lattice plate

$ --- Fuel support assembly beams
  5 rpp  -4.5085  -2.4930  -64.0     64.0     -4.126 -2.348 $ Fuel support plate
  6 rpp   2.4930   4.5085  -64.0     64.0     -4.126 -2.348 $ Fuel support plate
  7 rpp  -4.5085  -2.9639  -64.0     64.0    -16.826 -4.126 $ Fuel beam base
  8 rpp   2.9639   4.5085  -64.0     64.0    -16.826 -4.126 $ Fuel beam base
 12 rpp  -4.5085   4.5085  -64.0     64.0    -16.826 -2.348 tr  41.89845 0 0 $ FSA beam 2
 13 rpp  -4.5085   4.5085  -64.0     64.0    -16.826 -2.348 tr  30.01680 0 0 $ FSA beam 3
 14 rpp  -4.5085   4.5085  -64.0     64.0    -16.826 -2.348 tr  18.13515 0 0 $ FSA beam 4
 15 rpp  -4.5085   4.5085  -64.0     64.0    -16.826 -2.348 tr   6.25350 0 0 $ FSA beam 5
 16 rpp  -4.5085   4.5085  -64.0     64.0    -16.826 -2.348 tr  -5.62815 0 0 $ FSA beam 6
 17 rpp  -4.5085   4.5085  -64.0     64.0    -16.826 -2.348 tr -17.50980 0 0 $ FSA beam 7
 18 rpp  -4.5085   4.5085  -64.0     64.0    -16.826 -2.348 tr -29.39145 0 0 $ FSA beam 8
 19 rpp  -4.5085   4.5085  -64.0     64.0    -16.826 -2.348 tr -41.27310 0 0 $ FSA beam 9

$ --- Fuel pin
 21 c z   0.5065   0.0    69.285 $ U(3)O2 fuel
 22 c z   0.5199   0.0    69.285 $ Wrapper/gap
 23 c z   0.3150  -2.078  -0.678 $ Dowel
 24 c z   0.5199  -1.078   0.0   $ Lower end plug
 25 c z   0.5199  69.285  70.748 $ Upper end plug
 26 c z   0.54685 -1.030  70.700 $ Clad
 27 rev 4 -2.348 0.320 -1.078 0.320 -1.078 0.5555 70.748 0.5555 tr 0 0 0 0 0 1 0 1 0 $ Air and water

$ --- Interstitial drainage holes in lower lattice plate
 31 c z   0.435   -2.348  -1.078 tr -0.62535 -0.62535 0
 32 c z   0.435   -2.348  -1.078 tr -0.62535  0.62535 0
 33 c z   0.435   -2.348   1.078 tr  0.62535 -0.62535 0
 34 c z   0.435   -2.348   1.078 tr  0.62535  0.62535 0

$ --- Interstitial drainage holes in upper lattice plate
 35 c z   0.2     70.108  70.748 tr -0.62535 -0.62535 0
 36 c z   0.2     70.108  70.748 tr -0.62535  0.62535 0
 37 c z   0.2     70.108  70.748 tr  0.62535 -0.62535 0
 38 c z   0.2     70.108  70.748 tr  0.62535  0.62535 0

$ --- 76x74 array boundaries not to exceed lattice plate x-dimensions
 41 rpp -46.90125 46.90125 -45.65055 45.65055 -2.348 999.9 $ Inner portion with drain holes
 42 rpp -47.48125 47.48125 -46.2759  46.2759  -2.348 999.9 $ Outer portion without drain holes
 
$ --- Baffle
 51 rpp -20.0112  20.0112  -42.6924 -40.0224  -1.078  67.872
 52 rpp -22.6812 -20.0112  -42.6924 -20.0112  -1.078  67.872
 53 rpp -40.0224 -22.6812  -22.6812 -20.0112  -1.078  67.872
 54 rpp -42.6924 -40.0224  -22.6812  22.6812  -1.078  67.872
 55 rpp -40.0224 -22.6812   20.0112  22.6812  -1.078  67.872
 56 rpp -22.6812 -20.0112   20.0112  42.6924  -1.078  67.872
 57 rpp -20.0112  20.0112   40.0224  42.6924  -1.078  67.872
 58 rpp  20.0112  22.6812   20.0112  42.6924  -1.078  67.872
 59 rpp  22.6812  40.0224   20.0112  22.6812  -1.078  67.872
 60 rpp  40.0224  42.6924  -22.6812  22.6812  -1.078  67.872
 61 rpp  22.6812  40.0224  -22.6812 -20.0112  -1.078  67.872
 62 rpp  20.0112  22.6812  -42.6924 -20.0112  -1.078  67.872

$ --- Discrete burnable poison rod
 71 c z   0.3422   0.0    69.326 $ Air
 72 c z   0.3551   0.0    69.326 $ Inner clad
 73 c z   0.50225  0.0    69.326 $ Borosilicate glass
 74 c z   0.52175  0.0    69.326 $ Air
 75 c z   0.52175 -1.078   0.0   $ Lower end plug
 76 c z   0.52175 69.326  71.720 $ Upper end plug
 77 c z   0.315   -2.078  -0.678 $ Dowel
 78 c z   0.54585 -1.030  70.700 $ Outer clad
 79 rev 4 -2.348 0.320 -1.078 0.320 -1.078 0.5555 71.720 0.5555 tr 0 0 0 0 0 1 0 1 0 $ Air and water
end
